# Correction file Goniospectrometer Mattias 2016-05-04
# Wavelength(nm)	Factor(a.u.)
195.640000000000	0.00135561917944072
196.110000000000	0.00102174139941780
196.580000000000	0.000840908077693940
197.050000000000	0.000729057080822365
197.520000000000	0.000655617093384038
197.990000000000	0.000605871176862129
198.460000000000	0.000573216740195310
198.920000000000	0.000549120045458369
199.390000000000	0.000533530611029978
199.860000000000	0.000539457510980585
200.330000000000	0.000592023112586742
200.800000000000	0.000657297381217237
201.270000000000	0.000736789960447242
201.730000000000	0.000831657524883455
202.200000000000	0.000945144207580143
202.670000000000	0.00107894573462722
203.140000000000	0.00121881508488623
203.610000000000	0.00139615665608166
204.070000000000	0.00160288940770083
204.540000000000	0.00184427109502500
205.010000000000	0.00213427877400012
205.480000000000	0.00245470154931747
205.950000000000	0.00280306115133585
206.410000000000	0.00313572150612255
206.880000000000	0.00346824538086294
207.350000000000	0.00379664944166976
207.820000000000	0.00413151192499313
208.280000000000	0.00462620404211677
208.750000000000	0.00495493227688920
209.220000000000	0.00531081980429204
209.690000000000	0.00568174154384229
210.150000000000	0.00604958612572841
210.620000000000	0.00645243958708771
211.090000000000	0.00682824371427482
211.560000000000	0.00723197923563101
212.020000000000	0.00767860587688768
212.490000000000	0.00821869046804146
212.960000000000	0.00880699719525913
213.420000000000	0.00935337309444727
213.890000000000	0.00992823733562771
214.360000000000	0.0105153566398577
214.830000000000	0.0110862829560728
215.290000000000	0.0116849058569681
215.760000000000	0.0122182442550911
216.230000000000	0.0128173452775269
216.690000000000	0.0133262541581004
217.160000000000	0.0138794115800887
217.630000000000	0.0144176169076637
218.090000000000	0.0149910166487524
218.560000000000	0.0157076827489789
219.030000000000	0.0165274978388230
219.490000000000	0.0172245673407169
219.960000000000	0.0178422013902246
220.420000000000	0.0185060914607606
220.890000000000	0.0191069283874835
221.360000000000	0.0198214323118115
221.820000000000	0.0207922702207337
222.290000000000	0.0216794535807636
222.760000000000	0.0226029171222199
223.220000000000	0.0233450855437160
223.690000000000	0.0243671489563599
224.150000000000	0.0251071956573648
224.620000000000	0.0260831250679308
225.090000000000	0.0271225101738813
225.550000000000	0.0282057784229295
226.020000000000	0.0295355201599403
226.480000000000	0.0302659497178065
226.950000000000	0.0313631523821838
227.410000000000	0.0322210316320269
227.880000000000	0.0335547096297685
228.350000000000	0.0351387593194294
228.810000000000	0.0363782134978940
229.280000000000	0.0376409638618162
229.740000000000	0.0388432329295742
230.210000000000	0.0406808015897621
230.670000000000	0.0416825727233984
231.140000000000	0.0433414031388272
231.600000000000	0.0455753838654323
232.070000000000	0.0469003298793227
232.530000000000	0.0487031245205097
233	0.0501704913735021
233.460000000000	0.0517117400474211
233.930000000000	0.0524154427360163
234.390000000000	0.0544379458204883
234.860000000000	0.0567802642922908
235.320000000000	0.0584027923974289
235.790000000000	0.0606292406067523
236.250000000000	0.0620975248678063
236.720000000000	0.0638603248828383
237.180000000000	0.0657114067846898
237.650000000000	0.0681218205996670
238.110000000000	0.0708093614748805
238.580000000000	0.0734442924620851
239.040000000000	0.0771215463360931
239.510000000000	0.0796069014941493
239.970000000000	0.0816962031465216
240.440000000000	0.0841840166697501
240.900000000000	0.0868941695109179
241.360000000000	0.0905050779126961
241.830000000000	0.0933475719194127
242.290000000000	0.0969167392667970
242.760000000000	0.100393799160716
243.220000000000	0.103123812673701
243.680000000000	0.105935852780037
244.150000000000	0.109466478059974
244.610000000000	0.112520835247452
245.080000000000	0.116639413065018
245.540000000000	0.120546693900959
246	0.124509269242513
246.470000000000	0.127530193663388
246.930000000000	0.132117656825396
247.400000000000	0.136644904479437
247.860000000000	0.140551040178814
248.320000000000	0.145810171753260
248.790000000000	0.149375440519147
249.250000000000	0.152994202958445
249.710000000000	0.158707181107912
250.180000000000	0.163014536388601
250.640000000000	0.167836123717684
251.100000000000	0.170863532414209
251.570000000000	0.175526442830219
252.030000000000	0.178809535719844
252.490000000000	0.183664110045074
252.960000000000	0.187528337822087
253.420000000000	0.189172676546672
253.880000000000	0.193578536399899
254.350000000000	0.197397674441126
254.810000000000	0.202148241266431
255.270000000000	0.207263857383831
255.730000000000	0.213165329783046
256.200000000000	0.222014121934439
256.660000000000	0.228464041684667
257.120000000000	0.236367408798593
257.580000000000	0.242600862322352
258.050000000000	0.249882233550052
258.510000000000	0.262371722495303
258.970000000000	0.273280455934010
259.430000000000	0.283722961676075
259.900000000000	0.291740743712890
260.360000000000	0.300092784408090
260.820000000000	0.306958685296669
261.280000000000	0.315229940898891
261.750000000000	0.327237761935176
262.210000000000	0.331139521569744
262.670000000000	0.340267506518027
263.130000000000	0.348900313870011
263.600000000000	0.352729563313160
264.060000000000	0.357720737248175
264.520000000000	0.370550851017120
264.980000000000	0.381367822493024
265.440000000000	0.389860765995228
265.900000000000	0.401449267934115
266.370000000000	0.410769423871465
266.830000000000	0.418399391259819
267.290000000000	0.431880678883013
267.750000000000	0.440388205921959
268.210000000000	0.451020061792458
268.670000000000	0.464392442211898
269.140000000000	0.481911940977498
269.600000000000	0.491536979675609
270.060000000000	0.500141091196193
270.520000000000	0.516065779904705
270.980000000000	0.522385919511579
271.440000000000	0.540452414229770
271.900000000000	0.551894525234437
272.370000000000	0.564155101644504
272.830000000000	0.578769486570572
273.290000000000	0.597951149814461
273.750000000000	0.615138174563253
274.210000000000	0.625711300625602
274.670000000000	0.635708663653223
275.130000000000	0.650553227214034
275.590000000000	0.660046109616286
276.050000000000	0.678663643107325
276.510000000000	0.684621951041300
276.970000000000	0.699858415004279
277.430000000000	0.713853525708499
277.900000000000	0.732477130117404
278.360000000000	0.742708000258222
278.820000000000	0.750292202818262
279.280000000000	0.762638889034798
279.740000000000	0.772938119837441
280.200000000000	0.781914745567365
280.660000000000	0.795677131710071
281.120000000000	0.804043424551129
281.580000000000	0.817092148157837
282.040000000000	0.838494012721234
282.500000000000	0.862979506206538
282.960000000000	0.874217936694653
283.420000000000	0.892196313715688
283.880000000000	0.922559026210212
284.340000000000	0.944026248806964
284.800000000000	0.975513842383240
285.260000000000	1.01296435703233
285.720000000000	1.03615826029687
286.180000000000	1.07186664595259
286.640000000000	1.10505389249402
287.100000000000	1.12506320388986
287.560000000000	1.15028930530681
288.020000000000	1.17635832416133
288.480000000000	1.21142776624921
288.940000000000	1.22256420228538
289.390000000000	1.25669844684308
289.850000000000	1.27502140942609
290.310000000000	1.30021370776919
290.770000000000	1.33696091163207
291.230000000000	1.35893776630889
291.690000000000	1.38979518904486
292.150000000000	1.42378305159481
292.610000000000	1.43846632143009
293.070000000000	1.47462493958467
293.530000000000	1.50329716682580
293.990000000000	1.53737398909141
294.440000000000	1.55021479311841
294.900000000000	1.58279724084018
295.360000000000	1.59986526900872
295.820000000000	1.63525840766622
296.280000000000	1.66360066622020
296.740000000000	1.69058419551178
297.200000000000	1.71299108668932
297.660000000000	1.73827016701840
298.110000000000	1.75159829705813
298.570000000000	1.78606788150139
299.030000000000	1.81341876589879
299.490000000000	1.85612006197032
299.950000000000	1.89437020056243
300.410000000000	1.93191794035593
300.860000000000	1.96552512672642
301.320000000000	2.00992430796497
301.780000000000	2.03878894852161
302.240000000000	2.07213993333523
302.700000000000	2.11401125339749
303.150000000000	2.17855481084590
303.610000000000	2.21962450622963
304.070000000000	2.27654009793430
304.530000000000	2.32689393573128
304.990000000000	2.36786870814037
305.440000000000	2.40051506137792
305.900000000000	2.44780485875293
306.360000000000	2.50526698790795
306.820000000000	2.55916605089168
307.270000000000	2.58427898816648
307.730000000000	2.65200159599765
308.190000000000	2.69242530819359
308.650000000000	2.72389543678425
309.100000000000	2.75863971959094
309.560000000000	2.81278034382841
310.020000000000	2.87142788289886
310.480000000000	2.94756886291742
310.930000000000	2.98714796747879
311.390000000000	3.01616910836453
311.850000000000	3.07223326743131
312.300000000000	3.16055359736938
312.760000000000	3.23067987865613
313.220000000000	3.26238966794137
313.670000000000	3.31693158392154
314.130000000000	3.36197568914294
314.590000000000	3.39814499926333
315.040000000000	3.42695573874508
315.500000000000	3.45792630270450
315.960000000000	3.51082596273972
316.410000000000	3.57827774403195
316.870000000000	3.59897624002047
317.330000000000	3.64034411102639
317.780000000000	3.68944121134689
318.240000000000	3.76911961485503
318.700000000000	3.84129595525079
319.150000000000	3.91659398871473
319.610000000000	3.95103427142449
320.060000000000	3.98602858288356
320.520000000000	4.06597957188492
320.980000000000	4.11851946748859
321.430000000000	4.16080349870220
321.890000000000	4.25876986924806
322.340000000000	4.28272088014387
322.800000000000	4.36647696206604
323.260000000000	4.43125335393154
323.710000000000	4.46972930768665
324.170000000000	4.49815013576877
324.620000000000	4.60625726022860
325.080000000000	4.72058323611497
325.540000000000	4.79426914235400
325.990000000000	4.87830481634438
326.450000000000	4.98061711184348
326.900000000000	5.05756860486094
327.360000000000	5.20182286078217
327.810000000000	5.17353941791827
328.270000000000	5.23813899735385
328.720000000000	5.29024360930120
329.180000000000	5.32702484146648
329.630000000000	5.36566104610443
330.090000000000	5.43455553654707
330.540000000000	5.54078475532220
331	5.58370145126403
331.450000000000	5.62349210056537
331.910000000000	5.63290221668038
332.360000000000	5.64834596614507
332.820000000000	5.73850044570282
333.270000000000	5.75873372150381
333.730000000000	5.77172873018917
334.180000000000	5.81814128713547
334.640000000000	5.85554326593895
335.090000000000	5.78529075526934
335.550000000000	5.72407094899681
336	5.70080363048126
336.450000000000	5.67761297619507
336.910000000000	5.65763838653723
337.360000000000	5.59573912280832
337.820000000000	5.53819807173613
338.270000000000	5.52625981851426
338.730000000000	5.48033488686846
339.180000000000	5.39297475794357
339.630000000000	5.29047764497422
340.090000000000	5.21615074594470
340.540000000000	5.11997273289454
341	5.01481565531411
341.450000000000	4.90106963120124
341.900000000000	4.77894106628015
342.360000000000	4.67059157429952
342.810000000000	4.56073540808703
343.260000000000	4.42934605021158
343.720000000000	4.32619527611512
344.170000000000	4.22319973962048
344.630000000000	4.10085635078647
345.080000000000	3.99121231811463
345.530000000000	3.89967651450877
345.990000000000	3.77522392186614
346.440000000000	3.67336553266462
346.890000000000	3.57738671244631
347.350000000000	3.48152458913449
347.800000000000	3.38383810806963
348.250000000000	3.27625292411562
348.710000000000	3.17952526579859
349.160000000000	3.08790519870818
349.610000000000	2.99713492580578
350.060000000000	2.90619935121743
350.520000000000	2.81258011330202
350.970000000000	2.74212076491790
351.420000000000	2.66152676832102
351.880000000000	2.58532227047673
352.330000000000	2.51100668802635
352.780000000000	2.43723230958216
353.230000000000	2.37018675506664
353.690000000000	2.30134328345800
354.140000000000	2.24010259131066
354.590000000000	2.17957508298211
355.040000000000	2.12401813614216
355.500000000000	2.06621231621793
355.950000000000	2.00769844473443
356.400000000000	1.95503374925693
356.850000000000	1.90235290440107
357.300000000000	1.85354019596611
357.760000000000	1.80555423539316
358.210000000000	1.76066204966334
358.660000000000	1.71760068417581
359.110000000000	1.67437667783362
359.560000000000	1.63202840063907
360.020000000000	1.59225346834101
360.470000000000	1.55427945161094
360.920000000000	1.51742223605980
361.370000000000	1.48173189145486
361.820000000000	1.44941107742165
362.270000000000	1.41622715491797
362.730000000000	1.38674788359292
363.180000000000	1.35871342160341
363.630000000000	1.33074893673136
364.080000000000	1.30324939875538
364.530000000000	1.27827937460227
364.980000000000	1.25375623263129
365.430000000000	1.23050080906983
365.890000000000	1.21027389340784
366.340000000000	1.18836262124954
366.790000000000	1.16802654870795
367.240000000000	1.14931204620488
367.690000000000	1.12962444101574
368.140000000000	1.10967148491821
368.590000000000	1.09080980996682
369.040000000000	1.07308275035125
369.490000000000	1.05610158626416
369.940000000000	1.03948080863142
370.390000000000	1.02186371236416
370.850000000000	1.00604607882657
371.300000000000	0.990368271262231
371.750000000000	0.974454815914368
372.200000000000	0.959316910210181
372.650000000000	0.945827708967204
373.100000000000	0.931831843644862
373.550000000000	0.919111999655783
374	0.907109048623640
374.450000000000	0.895371064612778
374.900000000000	0.883511297152248
375.350000000000	0.872493653619007
375.800000000000	0.861083203525686
376.250000000000	0.850502035254604
376.700000000000	0.840702176364625
377.150000000000	0.830986080642950
377.600000000000	0.821154645010453
378.050000000000	0.813013312113437
378.500000000000	0.804595416765553
378.950000000000	0.796237033934621
379.400000000000	0.788536261739660
379.850000000000	0.781137017001279
380.300000000000	0.775161689218516
380.750000000000	0.768849381449846
381.200000000000	0.763089108581178
381.650000000000	0.757590780870004
382.100000000000	0.752463409587011
382.540000000000	0.746923437908013
382.990000000000	0.741509257363595
383.440000000000	0.735963010662044
383.890000000000	0.730587767234790
384.340000000000	0.726015181956759
384.790000000000	0.721361238028516
385.240000000000	0.716298357933592
385.690000000000	0.712390681778706
386.140000000000	0.708121928347490
386.590000000000	0.703273654129247
387.040000000000	0.698749214352256
387.480000000000	0.694747056216482
387.930000000000	0.690396243239036
388.380000000000	0.686754739509856
388.830000000000	0.683009126513094
389.280000000000	0.679585392087049
389.730000000000	0.676302790402204
390.180000000000	0.672729510746770
390.620000000000	0.669020332621832
391.070000000000	0.665721750583529
391.520000000000	0.662981845062278
391.970000000000	0.660756596645940
392.420000000000	0.658575789295466
392.870000000000	0.656918569181474
393.310000000000	0.655083952999443
393.760000000000	0.653819774878487
394.210000000000	0.652371737152882
394.660000000000	0.651465588751854
395.110000000000	0.651243365985692
395.550000000000	0.650286482035291
396	0.650022536057275
396.450000000000	0.649824988575996
396.900000000000	0.649069841587312
397.340000000000	0.648759665964313
397.790000000000	0.648345768897257
398.240000000000	0.647765381921480
398.690000000000	0.647608148918056
399.130000000000	0.646750763704258
399.580000000000	0.645959024484755
400.030000000000	0.645202350646756
400.480000000000	0.644536203674533
400.920000000000	0.643697182853694
401.370000000000	0.642716137902826
401.820000000000	0.641938582154536
402.270000000000	0.640563826841651
402.710000000000	0.639424548590062
403.160000000000	0.638588132725904
403.610000000000	0.637555324405003
404.050000000000	0.636196306624298
404.500000000000	0.634875612639124
404.950000000000	0.633498752504637
405.390000000000	0.631853109291265
405.840000000000	0.630788986471861
406.290000000000	0.629141900362871
406.730000000000	0.627278999643850
407.180000000000	0.625563524777035
407.630000000000	0.623910214611210
408.070000000000	0.622304972498051
408.520000000000	0.620425524406899
408.970000000000	0.618476438046730
409.410000000000	0.616907294153442
409.860000000000	0.615003376276305
410.310000000000	0.613828619982614
410.750000000000	0.611844572735738
411.200000000000	0.610603412715642
411.640000000000	0.609658331293482
412.090000000000	0.609103017152834
412.540000000000	0.608098435291232
412.980000000000	0.607035030596574
413.430000000000	0.606139704080006
413.870000000000	0.605859299619278
414.320000000000	0.605414819360606
414.760000000000	0.605538352957126
415.210000000000	0.605160467363711
415.660000000000	0.605133738025586
416.100000000000	0.605641114286830
416.550000000000	0.605811446520479
416.990000000000	0.606135696617996
417.440000000000	0.606830229884406
417.880000000000	0.607358695337401
418.330000000000	0.608571389672005
418.770000000000	0.609235474938597
419.220000000000	0.610472935941933
419.660000000000	0.610730275072126
420.110000000000	0.611815810239571
420.550000000000	0.612707069130226
421	0.613731535608792
421.440000000000	0.614696885806635
421.890000000000	0.615171918424695
422.330000000000	0.616007728251515
422.780000000000	0.616493447332935
423.220000000000	0.616502611996440
423.670000000000	0.617308437640597
424.110000000000	0.617640415261382
424.560000000000	0.618041827447020
425	0.618045717542325
425.450000000000	0.618356060613047
425.890000000000	0.617452723756296
426.330000000000	0.616793951787038
426.780000000000	0.616855403607361
427.220000000000	0.616370451050963
427.670000000000	0.615822769156348
428.110000000000	0.615186317893306
428.550000000000	0.614246670946275
429	0.612371644540068
429.440000000000	0.611534114136945
429.890000000000	0.610529941052751
430.330000000000	0.609449431680430
430.770000000000	0.608162985395824
431.220000000000	0.607129211008570
431.660000000000	0.605880080501430
432.110000000000	0.604314176760464
432.550000000000	0.603186233799825
432.990000000000	0.602376089381722
433.440000000000	0.601644958824820
433.880000000000	0.600932151015020
434.320000000000	0.599695869312548
434.770000000000	0.598645932817687
435.210000000000	0.596826677550944
435.650000000000	0.596220555669587
436.100000000000	0.595298457938676
436.540000000000	0.594238549468622
436.980000000000	0.593691359173354
437.430000000000	0.592923092747249
437.870000000000	0.592284561278630
438.310000000000	0.591430589980711
438.750000000000	0.591553711262350
439.200000000000	0.591297457857721
439.640000000000	0.591245031083764
440.080000000000	0.592065817688724
440.530000000000	0.592321991648039
440.970000000000	0.592608875912484
441.410000000000	0.592949215125925
441.850000000000	0.593493807239440
442.300000000000	0.594772769508231
442.740000000000	0.595025644233147
443.180000000000	0.595718879886105
443.620000000000	0.596097474048285
444.070000000000	0.597482270105258
444.510000000000	0.598783396412702
444.950000000000	0.600014395079797
445.390000000000	0.601753118962845
445.830000000000	0.602807141990972
446.280000000000	0.604481767180901
446.720000000000	0.605750825432840
447.160000000000	0.606749382393464
447.600000000000	0.608500659701258
448.040000000000	0.610469340054596
448.490000000000	0.612340319324417
448.930000000000	0.612889991485639
449.370000000000	0.614083268446950
449.810000000000	0.614177939163362
450.250000000000	0.614824226015142
450.690000000000	0.615733353267751
451.130000000000	0.615621592973323
451.580000000000	0.615472524393900
452.020000000000	0.615790669569673
452.460000000000	0.615449879615471
452.900000000000	0.614150267577891
453.340000000000	0.612717933867854
453.780000000000	0.611566911288638
454.220000000000	0.609476377447718
454.660000000000	0.607826488137584
455.110000000000	0.605178071021356
455.550000000000	0.602354070035722
455.990000000000	0.600116339444708
456.430000000000	0.597079106164182
456.870000000000	0.593025879150307
457.310000000000	0.589498193592045
457.750000000000	0.585820782867884
458.190000000000	0.582219229129283
458.630000000000	0.578151515091823
459.070000000000	0.574401318561595
459.510000000000	0.570658320234191
459.950000000000	0.566326294530517
460.390000000000	0.562933885574999
460.830000000000	0.558794522990040
461.270000000000	0.555559051459334
461.710000000000	0.552831988972553
462.150000000000	0.550272349847727
462.590000000000	0.546988469055141
463.030000000000	0.544279728082345
463.470000000000	0.541867496661852
463.910000000000	0.539316267224613
464.350000000000	0.537067754905573
464.790000000000	0.535219786190259
465.230000000000	0.532833680095518
465.670000000000	0.530544635791903
466.110000000000	0.528472772368792
466.550000000000	0.526165528013352
466.990000000000	0.523471594280037
467.430000000000	0.521808602310544
467.870000000000	0.519401803851461
468.310000000000	0.517321580161856
468.750000000000	0.514707837166369
469.190000000000	0.511997675406992
469.630000000000	0.509413289221118
470.070000000000	0.506720873149777
470.510000000000	0.503828476092970
470.950000000000	0.500830367981507
471.380000000000	0.497391223989508
471.820000000000	0.493876320920031
472.260000000000	0.489882732502740
472.700000000000	0.486077508895265
473.140000000000	0.481956549199689
473.580000000000	0.477819315420992
474.020000000000	0.473672332954775
474.460000000000	0.469079195758063
474.890000000000	0.464511319801578
475.330000000000	0.460115394325163
475.770000000000	0.455059162153876
476.210000000000	0.450300056575270
476.650000000000	0.445632937233151
477.090000000000	0.441048084472496
477.520000000000	0.436223212825590
477.960000000000	0.431443998334101
478.400000000000	0.427014051680503
478.840000000000	0.421970944020690
479.280000000000	0.417242778438993
479.720000000000	0.412574240845736
480.150000000000	0.407777644277992
480.590000000000	0.403560969210152
481.030000000000	0.399130983526079
481.470000000000	0.394992061109398
481.900000000000	0.390411203199997
482.340000000000	0.386175445676729
482.780000000000	0.382147296844724
483.220000000000	0.378037975558939
483.650000000000	0.374206898264796
484.090000000000	0.370896306721937
484.530000000000	0.367424960830874
484.970000000000	0.364144191550438
485.400000000000	0.360511592493792
485.840000000000	0.357467581167843
486.280000000000	0.354200023143606
486.720000000000	0.351432372122435
487.150000000000	0.348638525152862
487.590000000000	0.345994281793026
488.030000000000	0.343451422575831
488.460000000000	0.341088850566029
488.900000000000	0.338704387268575
489.340000000000	0.336519042726108
489.770000000000	0.334498531047478
490.210000000000	0.332891184499236
490.650000000000	0.331268253426340
491.080000000000	0.329588917569626
491.520000000000	0.328084418834848
491.960000000000	0.326691018093264
492.390000000000	0.325340152966461
492.830000000000	0.324170547831711
493.270000000000	0.323171185752436
493.700000000000	0.322086230238486
494.140000000000	0.321264141075956
494.580000000000	0.320241677541562
495.010000000000	0.319399005359303
495.450000000000	0.318440209477658
495.880000000000	0.317833577878662
496.320000000000	0.317276240224342
496.760000000000	0.316658076325866
497.190000000000	0.316172724718006
497.630000000000	0.315616479015290
498.060000000000	0.315097430526524
498.500000000000	0.314519843991251
498.930000000000	0.314083727852879
499.370000000000	0.313869602192418
499.810000000000	0.313444947420205
500.240000000000	0.313227459895627
500.680000000000	0.312865625179870
501.110000000000	0.312499419389418
501.550000000000	0.312331400781330
501.980000000000	0.312153206501926
502.420000000000	0.311993410843185
502.850000000000	0.311828326043914
503.290000000000	0.311789811628193
503.720000000000	0.311588539315448
504.160000000000	0.311612070325934
504.590000000000	0.311494347525762
505.030000000000	0.311293460737818
505.460000000000	0.311239133317032
505.900000000000	0.311212094869743
506.330000000000	0.311127354144338
506.770000000000	0.310927485495558
507.200000000000	0.311041815881408
507.640000000000	0.310945378329800
508.070000000000	0.310843408202850
508.510000000000	0.310838978916649
508.940000000000	0.310647988310374
509.370000000000	0.310750432029644
509.810000000000	0.310682393113207
510.240000000000	0.310597333866059
510.680000000000	0.310520284046820
511.110000000000	0.310598950117834
511.550000000000	0.310711946511343
511.980000000000	0.310542975771277
512.410000000000	0.310617641634480
512.850000000000	0.310915546224345
513.280000000000	0.310845628714616
513.720000000000	0.310898800370375
514.150000000000	0.310900095964106
514.580000000000	0.311085480012956
515.020000000000	0.311171545639219
515.450000000000	0.311401249860761
515.880000000000	0.311316872275136
516.320000000000	0.311299280185838
516.750000000000	0.311300588479238
517.180000000000	0.311278380424497
517.620000000000	0.311212468051310
518.050000000000	0.311269885714518
518.480000000000	0.311177609571496
518.920000000000	0.310996342108173
519.350000000000	0.310887080118070
519.780000000000	0.310630295634692
520.220000000000	0.310621600682010
520.650000000000	0.310683284977456
521.080000000000	0.310735435968102
521.510000000000	0.310797094116360
521.950000000000	0.310893230429508
522.380000000000	0.310760221099827
522.810000000000	0.310635862606275
523.250000000000	0.310822297922623
523.680000000000	0.310972464350524
524.110000000000	0.311105415513333
524.540000000000	0.311486745544247
524.980000000000	0.311483267362137
525.410000000000	0.311694890731384
525.840000000000	0.311881956204615
526.270000000000	0.312167058416839
526.700000000000	0.312341824878974
527.140000000000	0.312635803164319
527.570000000000	0.313162046864697
528	0.313510760518833
528.430000000000	0.313943832367373
528.860000000000	0.314323780758496
529.300000000000	0.314846207145486
529.730000000000	0.315412333194023
530.160000000000	0.315723645119846
530.590000000000	0.316289999370010
531.020000000000	0.316801862118176
531.460000000000	0.317473376147790
531.890000000000	0.318115746084310
532.320000000000	0.318739251220892
532.750000000000	0.319426995794686
533.180000000000	0.320141531050099
533.610000000000	0.320878852844017
534.040000000000	0.321479349878350
534.470000000000	0.322208594025808
534.910000000000	0.322985327042764
535.340000000000	0.323651230732594
535.770000000000	0.324385893779748
536.200000000000	0.325103633129427
536.630000000000	0.325808988341394
537.060000000000	0.326532019050884
537.490000000000	0.327364229744275
537.920000000000	0.328203261080398
538.350000000000	0.328952771147599
538.780000000000	0.329716501341170
539.210000000000	0.330582470729724
539.650000000000	0.331445208726983
540.080000000000	0.332208816528624
540.510000000000	0.332910707163344
540.940000000000	0.333708363928975
541.370000000000	0.334601412516495
541.800000000000	0.335349537114056
542.230000000000	0.335913101662247
542.660000000000	0.336586637720566
543.090000000000	0.337378666833241
543.520000000000	0.338292997357029
543.950000000000	0.339046801022975
544.380000000000	0.339889615058927
544.810000000000	0.340794923140712
545.240000000000	0.341740993413319
545.670000000000	0.342494043011810
546.100000000000	0.343343518856017
546.530000000000	0.344178036326791
546.960000000000	0.345085059202440
547.390000000000	0.345949670447369
547.820000000000	0.346670548349025
548.240000000000	0.347304800143587
548.670000000000	0.348062655977238
549.100000000000	0.348831576629799
549.530000000000	0.349367855461642
549.960000000000	0.350081899168706
550.390000000000	0.350721135055113
550.820000000000	0.351401122539612
551.250000000000	0.352107413370160
551.680000000000	0.352735905786797
552.110000000000	0.353303884957408
552.540000000000	0.354051637686639
552.960000000000	0.354803946914187
553.390000000000	0.355443646924211
553.820000000000	0.356135842935592
554.250000000000	0.356925116959637
554.680000000000	0.357541938560246
555.110000000000	0.358473452306849
555.540000000000	0.359265881942971
555.970000000000	0.360127086007168
556.390000000000	0.360806974242235
556.820000000000	0.361768411312981
557.250000000000	0.362727494204230
557.680000000000	0.363545936120756
558.110000000000	0.364479575117388
558.530000000000	0.365290269920556
558.960000000000	0.366216590574232
559.390000000000	0.367066701414214
559.820000000000	0.367790394265824
560.250000000000	0.368621816421142
560.670000000000	0.369100541262775
561.100000000000	0.369900145998847
561.530000000000	0.370373306489915
561.960000000000	0.370864689504740
562.390000000000	0.371280781847639
562.810000000000	0.371533849637407
563.240000000000	0.371774146418871
563.670000000000	0.371956133193739
564.100000000000	0.372025820112384
564.520000000000	0.371965816476184
564.950000000000	0.371801849689564
565.380000000000	0.371716882039185
565.800000000000	0.371288555973872
566.230000000000	0.370910692493369
566.660000000000	0.370310844926027
567.090000000000	0.369655432655753
567.510000000000	0.369051223768400
567.940000000000	0.368617247477817
568.370000000000	0.368028838704744
568.790000000000	0.367726286669896
569.220000000000	0.367524198404712
569.650000000000	0.367499100193822
570.070000000000	0.367472546200087
570.500000000000	0.367939114259805
570.930000000000	0.368553431116868
571.350000000000	0.369477755648453
571.780000000000	0.370723458624000
572.210000000000	0.371976371959808
572.630000000000	0.373469326861029
573.060000000000	0.375164184823532
573.480000000000	0.376885205252726
573.910000000000	0.378969428698446
574.340000000000	0.380868295630642
574.760000000000	0.383169586797932
575.190000000000	0.385391077127985
575.610000000000	0.387511799932545
576.040000000000	0.389706437509286
576.470000000000	0.391912585823730
576.890000000000	0.394070976581909
577.320000000000	0.396326888657451
577.740000000000	0.398615354858222
578.170000000000	0.400871477937189
578.590000000000	0.402936929319067
579.020000000000	0.405162678709982
579.440000000000	0.407213803673590
579.870000000000	0.409218985153794
580.300000000000	0.411380125390723
580.720000000000	0.413321682439263
581.150000000000	0.415509030599667
581.570000000000	0.417615734690364
582	0.419640722437266
582.420000000000	0.421615261558158
582.850000000000	0.423679172087709
583.270000000000	0.425601296311695
583.700000000000	0.427658794237540
584.120000000000	0.429510729022837
584.540000000000	0.431596151585417
584.970000000000	0.433801513435663
585.390000000000	0.435890279225656
585.820000000000	0.437778572414188
586.240000000000	0.439661722266022
586.670000000000	0.441705410618481
587.090000000000	0.443775765246396
587.520000000000	0.445647131961580
587.940000000000	0.447480458532048
588.360000000000	0.449544508683138
588.790000000000	0.451654476372966
589.210000000000	0.453516510265168
589.640000000000	0.455115496020819
590.060000000000	0.457040247843939
590.480000000000	0.458924684052980
590.910000000000	0.461205135520716
591.330000000000	0.462975955071225
591.760000000000	0.464785291532266
592.180000000000	0.466753283315678
592.600000000000	0.468639876192187
593.030000000000	0.470266871823273
593.450000000000	0.472044115932726
593.870000000000	0.473782864769078
594.300000000000	0.475557181012370
594.720000000000	0.477264707883108
595.140000000000	0.478911665868032
595.570000000000	0.480351090855964
595.990000000000	0.481553467273296
596.410000000000	0.482727503254664
596.840000000000	0.483975100468397
597.260000000000	0.485165052718396
597.680000000000	0.485878920107928
598.110000000000	0.486625402213841
598.530000000000	0.487104184238788
598.950000000000	0.487439319422662
599.370000000000	0.487514432337274
599.800000000000	0.487420016814862
600.220000000000	0.486829851090889
600.640000000000	0.486321316989356
601.060000000000	0.485540987670149
601.490000000000	0.484594549607386
601.910000000000	0.483507145694288
602.330000000000	0.482481280378028
602.750000000000	0.481188807735250
603.180000000000	0.480230647526716
603.600000000000	0.479060005477766
604.020000000000	0.477982488477139
604.440000000000	0.477024351058082
604.860000000000	0.476446945359734
605.290000000000	0.475938071032571
605.710000000000	0.475719515985141
606.130000000000	0.475731375970106
606.550000000000	0.475894618788233
606.970000000000	0.476396629716169
607.400000000000	0.477323866530764
607.820000000000	0.478087729152318
608.240000000000	0.479432319096610
608.660000000000	0.480689048810096
609.080000000000	0.482500072404932
609.500000000000	0.484435575989475
609.920000000000	0.486638434377036
610.350000000000	0.489265779566959
610.770000000000	0.491784331668928
611.190000000000	0.494586913898918
611.610000000000	0.497656406374518
612.030000000000	0.500621713788419
612.450000000000	0.504049644366877
612.870000000000	0.507435010160489
613.290000000000	0.511164498840767
613.710000000000	0.514826204132807
614.130000000000	0.518452275635434
614.560000000000	0.522218114607671
614.980000000000	0.525795391901274
615.400000000000	0.529706011520969
615.820000000000	0.533521993972074
616.240000000000	0.537178194674028
616.660000000000	0.540770930473774
617.080000000000	0.544541132488307
617.500000000000	0.548026986978976
617.920000000000	0.551629954978213
618.340000000000	0.555046082204989
618.760000000000	0.558896721228955
619.180000000000	0.562485242138035
619.600000000000	0.566347010808546
620.020000000000	0.569662710360772
620.440000000000	0.573055107414059
620.860000000000	0.576451017801354
621.280000000000	0.579971379694998
621.700000000000	0.583367420209060
622.120000000000	0.586943317897661
622.540000000000	0.590398250633317
622.960000000000	0.593739282885101
623.380000000000	0.597111093304824
623.800000000000	0.600509090694359
624.220000000000	0.603277395183784
624.630000000000	0.606373590038010
625.050000000000	0.609974070271643
625.470000000000	0.613438309862920
625.890000000000	0.616711166447658
626.310000000000	0.619561193233814
626.730000000000	0.622824613938786
627.150000000000	0.626123305821623
627.570000000000	0.629417060006464
627.990000000000	0.632469740792730
628.410000000000	0.635495053026944
628.820000000000	0.638724542561384
629.240000000000	0.642069386805014
629.660000000000	0.644932273650090
630.080000000000	0.648048885833955
630.500000000000	0.651188126828172
630.920000000000	0.654644887866569
631.340000000000	0.657669066889518
631.750000000000	0.660934688838272
632.170000000000	0.663855798492250
632.590000000000	0.666896624664830
633.010000000000	0.670306222046898
633.430000000000	0.673572350538922
633.840000000000	0.676778338476341
634.260000000000	0.680021540413899
634.680000000000	0.683045968798829
635.100000000000	0.686531502560372
635.520000000000	0.689732975205849
635.930000000000	0.692730668000575
636.350000000000	0.695812133238721
636.770000000000	0.699234191590299
637.190000000000	0.702656405388823
637.600000000000	0.705627831955192
638.020000000000	0.709149065674977
638.440000000000	0.712559399350763
638.860000000000	0.715704664111655
639.270000000000	0.719094534072072
639.690000000000	0.722276346145068
640.110000000000	0.725613116892513
640.530000000000	0.728969096548356
640.940000000000	0.732025221606763
641.360000000000	0.735231578461618
641.780000000000	0.738235752169781
642.190000000000	0.741574386832532
642.610000000000	0.744828469272507
643.030000000000	0.747759572266334
643.440000000000	0.751207309515272
643.860000000000	0.754372705885772
644.280000000000	0.757627005188250
644.690000000000	0.760483786312630
645.110000000000	0.764209158901514
645.530000000000	0.767631242857856
645.940000000000	0.770565919008387
646.360000000000	0.773746087876871
646.780000000000	0.777102360685601
647.190000000000	0.779762744122532
647.610000000000	0.783063177806575
648.020000000000	0.786185443377732
648.440000000000	0.789551778927274
648.860000000000	0.792664938539644
649.270000000000	0.795886325526764
649.690000000000	0.799055999124139
650.100000000000	0.801923628141666
650.520000000000	0.805313262134257
650.930000000000	0.808406003571618
651.350000000000	0.811880284370978
651.770000000000	0.815391343349906
652.180000000000	0.818389994293369
652.600000000000	0.821463006800784
653.010000000000	0.824377470791450
653.430000000000	0.827615548194657
653.840000000000	0.831352398396883
654.260000000000	0.834443154474160
654.670000000000	0.837713494495921
655.090000000000	0.840779091274077
655.500000000000	0.844236911612234
655.920000000000	0.846944971478018
656.330000000000	0.850270408516303
656.750000000000	0.853887641825034
657.160000000000	0.856787739504316
657.580000000000	0.860345638231536
657.990000000000	0.863942373520263
658.410000000000	0.866409136030759
658.820000000000	0.869424108071558
659.240000000000	0.872392977766360
659.650000000000	0.875526392926179
660.060000000000	0.878313090054969
660.480000000000	0.881730617547585
660.890000000000	0.884155806535513
661.310000000000	0.886911806677622
661.720000000000	0.889868407254930
662.140000000000	0.892902926719291
662.550000000000	0.895514754034473
662.960000000000	0.898932479011927
663.380000000000	0.901637182988725
663.790000000000	0.905250414814842
664.210000000000	0.908739281126459
664.620000000000	0.911795346510908
665.030000000000	0.914578155036144
665.450000000000	0.918117835487940
665.860000000000	0.921286331868369
666.270000000000	0.924580339126839
666.690000000000	0.927408365130604
667.100000000000	0.930140897591098
667.510000000000	0.933223727357390
667.930000000000	0.937029430712798
668.340000000000	0.939773522601981
668.750000000000	0.942707549174870
669.170000000000	0.946085441795409
669.580000000000	0.949126020912011
669.990000000000	0.952623106813080
670.410000000000	0.956013398833274
670.820000000000	0.958929068042244
671.230000000000	0.962436684942889
671.640000000000	0.965937621741576
672.060000000000	0.969185902794265
672.470000000000	0.972258910931379
672.880000000000	0.975752786886616
673.290000000000	0.979307710476487
673.710000000000	0.983010059678918
674.120000000000	0.986434457025236
674.530000000000	0.989433132203395
674.940000000000	0.992718694193435
675.360000000000	0.996865854001702
675.770000000000	1.00008021836081
676.180000000000	1.00386966288749
676.590000000000	1.00753318523287
677	1.01092498775137
677.420000000000	1.01422861840089
677.830000000000	1.01744302430540
678.240000000000	1.02021309387557
678.650000000000	1.02346537310744
679.060000000000	1.02703439086879
679.470000000000	1.03092358843205
679.890000000000	1.03429142478630
680.300000000000	1.03780591733734
680.710000000000	1.04098607363166
681.120000000000	1.04426185951810
681.530000000000	1.04794402736957
681.940000000000	1.05172239405115
682.350000000000	1.05523554118094
682.770000000000	1.05939022583869
683.180000000000	1.06321312534374
683.590000000000	1.06746455610248
684	1.07096471034396
684.410000000000	1.07424034541237
684.820000000000	1.07795331950737
685.230000000000	1.08170151146622
685.640000000000	1.08568546337433
686.050000000000	1.08907886325005
686.460000000000	1.09261823876732
686.870000000000	1.09641995706161
687.280000000000	1.10022126340237
687.690000000000	1.10447741649432
688.100000000000	1.10814645448496
688.510000000000	1.11230905833078
688.930000000000	1.11720053481431
689.340000000000	1.12103528865646
689.750000000000	1.12520355748855
690.160000000000	1.12929689359660
690.570000000000	1.13333586992059
690.980000000000	1.13760766048829
691.390000000000	1.14184000698025
691.800000000000	1.14565585876785
692.210000000000	1.14917098877838
692.610000000000	1.15245726327305
693.020000000000	1.15553276274446
693.430000000000	1.15860045908676
693.840000000000	1.16253315956586
694.250000000000	1.16603658233523
694.660000000000	1.16970220101958
695.070000000000	1.17399487552018
695.480000000000	1.17793369614452
695.890000000000	1.18165715428783
696.300000000000	1.18539242756334
696.710000000000	1.18963550205439
697.120000000000	1.19359880467057
697.530000000000	1.19777802786929
697.940000000000	1.20199257054287
698.340000000000	1.20553721892254
698.750000000000	1.20974732409959
699.160000000000	1.21332141573122
699.570000000000	1.21710626572184
699.980000000000	1.22024396625686
700.390000000000	1.22418925547036
700.800000000000	1.22793426070147
701.210000000000	1.23215644478965
701.610000000000	1.23642511729269
702.020000000000	1.24049039094289
702.430000000000	1.24449047316347
702.840000000000	1.24899443630903
703.250000000000	1.25256929796769
703.650000000000	1.25656944180351
704.060000000000	1.26044333832772
704.470000000000	1.26470766381374
704.880000000000	1.26823059508950
705.290000000000	1.27276692803690
705.690000000000	1.27589590751989
706.100000000000	1.27966153944246
706.510000000000	1.28299298941234
706.920000000000	1.28656550825389
707.320000000000	1.28940496833145
707.730000000000	1.29380063876655
708.140000000000	1.29843636058802
708.550000000000	1.30211999602037
708.950000000000	1.30582753212352
709.360000000000	1.30970224814793
709.770000000000	1.31303774369677
710.180000000000	1.31656666303936
710.580000000000	1.32009361540834
710.990000000000	1.32404661784817
711.400000000000	1.32727870257893
711.800000000000	1.33198754464966
712.210000000000	1.33532326224793
712.620000000000	1.33813227826848
713.020000000000	1.34141182048114
713.430000000000	1.34537012623914
713.840000000000	1.34935988081387
714.240000000000	1.35289171789580
714.650000000000	1.35759903226299
715.060000000000	1.36134636131046
715.460000000000	1.36547376518076
715.870000000000	1.36968776710499
716.280000000000	1.37307139828162
716.680000000000	1.37669189931117
717.090000000000	1.38025527484799
717.490000000000	1.38404037856317
717.900000000000	1.38733324751374
718.310000000000	1.39151583028691
718.710000000000	1.39546534931022
719.120000000000	1.39896124815493
719.520000000000	1.40302283704463
719.930000000000	1.40649200788195
720.340000000000	1.41034461461615
720.740000000000	1.41455072883940
721.150000000000	1.41856874855891
721.550000000000	1.42288286395307
721.960000000000	1.42707588161778
722.360000000000	1.43088019013450
722.770000000000	1.43385281337633
723.170000000000	1.43702957696737
723.580000000000	1.44054840351671
723.980000000000	1.44376690879054
724.390000000000	1.44717967051111
724.790000000000	1.45087451680261
725.200000000000	1.45419766541621
725.600000000000	1.45752116969877
726.010000000000	1.45977141972061
726.410000000000	1.46266273016663
726.820000000000	1.46514338756884
727.220000000000	1.46806276861027
727.630000000000	1.47180377685095
728.030000000000	1.47525652422154
728.440000000000	1.47856553057272
728.840000000000	1.48228004180752
729.240000000000	1.48543291988522
729.650000000000	1.48842900256266
730.050000000000	1.49143653971789
730.460000000000	1.49538806418324
730.860000000000	1.49887760494809
731.260000000000	1.50325581275235
731.670000000000	1.50786459998970
732.070000000000	1.51184949530127
732.480000000000	1.51556427898252
732.880000000000	1.51945123460655
733.280000000000	1.52396799140304
733.690000000000	1.52778230138113
734.090000000000	1.53220563265355
734.490000000000	1.53649248680334
734.900000000000	1.54064489422982
735.300000000000	1.54503820859735
735.700000000000	1.54976351029826
736.110000000000	1.55368469631012
736.510000000000	1.55810226922801
736.910000000000	1.56123188086556
737.320000000000	1.56571687233470
737.720000000000	1.56904538330113
738.120000000000	1.57319087184352
738.530000000000	1.57676896140903
738.930000000000	1.58087102940313
739.330000000000	1.58583286075032
739.730000000000	1.59011312616144
740.140000000000	1.59400541882433
740.540000000000	1.59816440696714
740.940000000000	1.60191443225051
741.340000000000	1.60730275300451
741.750000000000	1.61183944705269
742.150000000000	1.61645092284490
742.550000000000	1.62179222360198
742.950000000000	1.62756121745906
743.360000000000	1.63263855573230
743.760000000000	1.63655754072931
744.160000000000	1.64027206980401
744.560000000000	1.64414381541366
744.960000000000	1.64737514918455
745.370000000000	1.64966749696772
745.770000000000	1.65187721733479
746.170000000000	1.65298580769475
746.570000000000	1.65312702428654
746.970000000000	1.65169472984199
747.370000000000	1.65025511117606
747.780000000000	1.64807164084152
748.180000000000	1.64673377978425
748.580000000000	1.64338335901763
748.980000000000	1.63965845301383
749.380000000000	1.63576834100435
749.780000000000	1.63220027141653
750.180000000000	1.62716664943575
750.580000000000	1.62296940098305
750.990000000000	1.61874783206137
751.390000000000	1.61552154972620
751.790000000000	1.61175142263241
752.190000000000	1.60906687828099
752.590000000000	1.60588534607547
752.990000000000	1.60430556755676
753.390000000000	1.60299943982942
753.790000000000	1.60327742069994
754.190000000000	1.60407993026529
754.590000000000	1.60562008458311
754.990000000000	1.60802217605864
755.390000000000	1.61219414359864
755.790000000000	1.61611841938247
756.190000000000	1.62145402525025
756.590000000000	1.62739523018548
756.990000000000	1.63404687174918
757.390000000000	1.64215216306797
757.790000000000	1.65054463928084
758.190000000000	1.65774120848898
758.590000000000	1.66637422848260
758.990000000000	1.67508381224129
759.390000000000	1.68412245154345
759.790000000000	1.69375044580389
760.190000000000	1.70344218654084
760.590000000000	1.71245725251071
760.990000000000	1.72096496501993
761.390000000000	1.73050947907738
761.790000000000	1.73950865454184
762.190000000000	1.74886195531042
762.590000000000	1.75941788272446
762.990000000000	1.76908711201407
763.390000000000	1.77992276472094
763.790000000000	1.78989613985257
764.180000000000	1.79847472617183
764.580000000000	1.80823267974206
764.980000000000	1.81833845930723
765.380000000000	1.82888169232605
765.780000000000	1.83821971853429
766.180000000000	1.84827760219970
766.580000000000	1.85794803914318
766.980000000000	1.86722846869294
767.370000000000	1.87634594364028
767.770000000000	1.88534357968088
768.170000000000	1.89398921810236
768.570000000000	1.90480784332349
768.970000000000	1.91446422755473
769.370000000000	1.92382929422346
769.760000000000	1.93317572762065
770.160000000000	1.94236441056971
770.560000000000	1.95160092420184
770.960000000000	1.96100823694696
771.360000000000	1.97031685635600
771.750000000000	1.97954501931788
772.150000000000	1.98866926724794
772.550000000000	1.99861412905614
772.950000000000	2.00723092546650
773.340000000000	2.01679483620220
773.740000000000	2.02594220075795
774.140000000000	2.03547680157119
774.540000000000	2.04544597818644
774.930000000000	2.05482889772557
775.330000000000	2.06485544710877
775.730000000000	2.07439429716443
776.120000000000	2.08402518540790
776.520000000000	2.09307453898909
776.920000000000	2.10220146818292
777.320000000000	2.11038896616825
777.710000000000	2.11890345730226
778.110000000000	2.12706278452567
778.510000000000	2.13419191233019
778.900000000000	2.14221445662591
779.300000000000	2.15079250210659
779.700000000000	2.15798460696346
780.090000000000	2.16592717158082
780.490000000000	2.17375059489984
780.890000000000	2.18234433128669
781.280000000000	2.19120365721022
781.680000000000	2.19942150957183
782.070000000000	2.20795926529538
782.470000000000	2.21653711405204
782.870000000000	2.22592297968135
783.260000000000	2.23361923286522
783.660000000000	2.24146416462831
784.050000000000	2.24813673716026
784.450000000000	2.25644659333371
784.850000000000	2.26549721707976
785.240000000000	2.27460336960992
785.640000000000	2.28205463514208
786.030000000000	2.29068376397667
786.430000000000	2.29695335683564
786.820000000000	2.30543266417305
787.220000000000	2.31240960380822
787.610000000000	2.32124474538591
788.010000000000	2.32938478002872
788.400000000000	2.34044026136567
788.800000000000	2.35010193998314
789.190000000000	2.35728785912303
789.590000000000	2.36356653008160
789.980000000000	2.37183170881878
790.380000000000	2.38045022729097
790.770000000000	2.38938518467651
791.170000000000	2.39759971747481
791.560000000000	2.40787442863993
791.960000000000	2.41682223950560
792.350000000000	2.42622118656124
792.750000000000	2.43479256242885
793.140000000000	2.44276933994303
793.540000000000	2.45248618799508
793.930000000000	2.46339171970709
794.320000000000	2.47283777786884
794.720000000000	2.48248053936748
795.110000000000	2.49314644420776
795.510000000000	2.50248416653267
795.900000000000	2.51139665116086
796.290000000000	2.52005242354304
796.690000000000	2.52674441817780
797.080000000000	2.53435882409146
797.480000000000	2.54194517137085
797.870000000000	2.54982397131487
798.260000000000	2.55783325246498
798.660000000000	2.56661688426590
799.050000000000	2.57316889802725
799.440000000000	2.58041435194017
799.840000000000	2.58798126455712
800.230000000000	2.59567967825784
800.620000000000	2.60458243741443
801.020000000000	2.61425292466121
801.410000000000	2.62258824461976
801.800000000000	2.63087015014836
802.200000000000	2.63880514499715
802.590000000000	2.64611006964933
802.980000000000	2.65192539518222
803.370000000000	2.65974072278507
803.770000000000	2.66771387446267
804.160000000000	2.67551785450301
804.550000000000	2.68235767670901
804.950000000000	2.68821431461000
805.340000000000	2.69439827893364
805.730000000000	2.70104791602829
806.120000000000	2.70910334744407
806.510000000000	2.71641403406580
806.910000000000	2.72508995925605
807.300000000000	2.73360609723533
807.690000000000	2.74153340836012
808.080000000000	2.74959754520965
808.480000000000	2.75713613070565
808.870000000000	2.76693612476845
809.260000000000	2.77611846555669
809.650000000000	2.78512324381254
810.040000000000	2.79414656190935
810.430000000000	2.80250041506826
810.830000000000	2.81236225135334
811.220000000000	2.82063581474872
811.610000000000	2.83157579633790
812	2.84126977138243
812.390000000000	2.84956082752206
812.780000000000	2.86107150869806
813.170000000000	2.86944765593120
813.560000000000	2.87776957431743
813.960000000000	2.88733787356775
814.350000000000	2.89760533030353
814.740000000000	2.90760638233768
815.130000000000	2.91559846708129
815.520000000000	2.92668138788193
815.910000000000	2.93544645208743
816.300000000000	2.94602973404026
816.690000000000	2.95574681279950
817.080000000000	2.96541336415973
817.470000000000	2.97393733731793
817.860000000000	2.98566702210773
818.250000000000	2.99745013822534
818.640000000000	3.00764435410814
819.030000000000	3.01619174521047
819.420000000000	3.02658369090765
819.810000000000	3.03554349513802
820.200000000000	3.04508279200869
820.590000000000	3.05512698082021
820.980000000000	3.06601669000142
821.370000000000	3.07537814362309
821.760000000000	3.08712846463150
822.150000000000	3.09606225832304
822.540000000000	3.10574602557496
822.930000000000	3.11599219529378
823.320000000000	3.12825538655095
823.710000000000	3.13940422870765
824.100000000000	3.14931568877196
824.490000000000	3.15908095421752
824.880000000000	3.16700048403742
825.270000000000	3.17802920434840
825.660000000000	3.18592974394692
826.050000000000	3.19556830199478
826.440000000000	3.20466487341374
826.830000000000	3.21157064271598
827.210000000000	3.21958585338371
827.600000000000	3.22792438871322
827.990000000000	3.23642565471596
828.380000000000	3.24511718407667
828.770000000000	3.25448561247530
829.160000000000	3.26446413284961
829.550000000000	3.27113284069322
829.940000000000	3.28180546338167
830.320000000000	3.28998415551588
830.710000000000	3.30012510629877
831.100000000000	3.31046826090788
831.490000000000	3.31974689285783
831.880000000000	3.32870082241716
832.270000000000	3.33970211763897
832.650000000000	3.34862220803661
833.040000000000	3.35830385906318
833.430000000000	3.37003373744833
833.820000000000	3.38160578863579
834.200000000000	3.39287312713417
834.590000000000	3.40528939493016
834.980000000000	3.41741611806593
835.370000000000	3.42879397296392
835.750000000000	3.44008620379726
836.140000000000	3.45037874397094
836.530000000000	3.45942330321679
836.920000000000	3.47000035022117
837.300000000000	3.48053723964488
837.690000000000	3.48771141329976
838.080000000000	3.49959298254783
838.470000000000	3.50781404104069
838.850000000000	3.51851896230497
839.240000000000	3.52829544862053
839.630000000000	3.53823864210189
840.010000000000	3.54977958496012
840.400000000000	3.56224190868815
840.790000000000	3.57301770481610
841.170000000000	3.58591413671471
841.560000000000	3.59740655416751
841.950000000000	3.61125345472574
842.330000000000	3.62148421339155
842.720000000000	3.63365079743990
843.110000000000	3.64499568253902
843.490000000000	3.65701160358656
843.880000000000	3.67054702700638
844.260000000000	3.68297984748225
844.650000000000	3.69461456687982
845.040000000000	3.70833723297909
845.420000000000	3.71847900702261
845.810000000000	3.72974103636615
846.190000000000	3.74200587254985
846.580000000000	3.75378535390762
846.960000000000	3.76665753506367
847.350000000000	3.77764928217996
847.740000000000	3.78848746498051
848.120000000000	3.80050384244631
848.510000000000	3.81029072230671
848.890000000000	3.82121181437651
849.280000000000	3.83285841665368
849.660000000000	3.84649444260090
850.050000000000	3.85695549861722
850.430000000000	3.86709149374700
850.820000000000	3.87837990617310
851.200000000000	3.89086676337584
851.590000000000	3.90281250404546
851.970000000000	3.91516370800503
852.360000000000	3.92656602327207
852.740000000000	3.93957875321343
853.130000000000	3.95437236868360
853.510000000000	3.96907448463404
853.900000000000	3.98524356679098
854.280000000000	4.00167320311139
854.660000000000	4.01717664511590
855.050000000000	4.03256297397323
855.430000000000	4.04548912289798
855.820000000000	4.06027551930518
856.200000000000	4.07426454746087
856.580000000000	4.09044136130205
856.970000000000	4.10651203104114
857.350000000000	4.11998422546960
857.740000000000	4.13628951060667
858.120000000000	4.15058666623086
858.500000000000	4.16748885624600
858.890000000000	4.18486529246331
859.270000000000	4.20539379633417
859.650000000000	4.22407227605031
860.040000000000	4.24098508296604
860.420000000000	4.25706251062718
860.800000000000	4.27226776055647
861.190000000000	4.28869773272894
861.570000000000	4.30520891391315
861.950000000000	4.31969402841186
862.340000000000	4.33698490808689
862.720000000000	4.35382363386286
863.100000000000	4.37029810546084
863.490000000000	4.38615802737406
863.870000000000	4.40728471635490
864.250000000000	4.42836378002707
864.630000000000	4.45119552828992
865.020000000000	4.47344015373125
865.400000000000	4.49405242535720
865.780000000000	4.51642522154780
866.160000000000	4.53907684427698
866.550000000000	4.55804207980684
866.930000000000	4.58025311244819
867.310000000000	4.60285573651226
867.690000000000	4.62176927435383
868.080000000000	4.63984645923918
868.460000000000	4.66209423270600
868.840000000000	4.68169600271683
869.220000000000	4.70429744723306
869.600000000000	4.72763951569599
869.980000000000	4.75070760482052
870.370000000000	4.77273194510093
870.750000000000	4.79814018660708
871.130000000000	4.81927022742587
871.510000000000	4.84052094956888
871.890000000000	4.86404104656507
872.270000000000	4.88595115082672
872.660000000000	4.90437441173953
873.040000000000	4.92829207008769
873.420000000000	4.94852229251116
873.800000000000	4.97122201864446
874.180000000000	4.99278792608319
874.560000000000	5.01235932831767
874.940000000000	5.03177502571056
875.320000000000	5.05108402659654
875.700000000000	5.07417246711217
876.080000000000	5.09718104108973
876.460000000000	5.11913461965050
876.850000000000	5.14656809781062
877.230000000000	5.17030472295679
877.610000000000	5.19699237124971
877.990000000000	5.22209828624296
878.370000000000	5.24983027613040
878.750000000000	5.27889772631244
879.130000000000	5.30602912895756
879.510000000000	5.33581886130668
879.890000000000	5.36144371531517
880.270000000000	5.38557994344898
880.650000000000	5.40927006361819
881.030000000000	5.43025696789937
881.410000000000	5.45440485505250
881.790000000000	5.48118688332578
882.170000000000	5.50859841624782
882.550000000000	5.53509007853999
882.930000000000	5.56212381145981
883.300000000000	5.58813764566299
883.680000000000	5.61541483629881
884.060000000000	5.64487226645835
884.440000000000	5.67787660636655
884.820000000000	5.71334980434384
885.200000000000	5.74770786001387
885.580000000000	5.78309727709102
885.960000000000	5.81335316887026
886.340000000000	5.84740324660277
886.720000000000	5.87762134411261
887.100000000000	5.90868340241089
887.470000000000	5.94171652523904
887.850000000000	5.97218888545734
888.230000000000	6.00002645045872
888.610000000000	6.02281684454935
888.990000000000	6.04342763850746
889.370000000000	6.05919421253445
889.750000000000	6.06845124080637
890.120000000000	6.07569490263211
890.500000000000	6.07610070411844
890.880000000000	6.07331095065790
891.260000000000	6.06648463001865
891.640000000000	6.05289539622530
892.010000000000	6.03190349374216
892.390000000000	6.00735029813156
892.770000000000	5.98496616422220
893.150000000000	5.95904693661799
893.530000000000	5.93196445178566
893.900000000000	5.90044078709806
894.280000000000	5.86682223623024
894.660000000000	5.82889522065495
895.040000000000	5.78941483978440
895.410000000000	5.74634852950120
895.790000000000	5.70181519386551
896.170000000000	5.65640242647152
896.540000000000	5.61392612350372
896.920000000000	5.56483178930884
897.300000000000	5.52035825311424
897.680000000000	5.47497091529421
898.050000000000	5.43136158723629
898.430000000000	5.38972481099265
898.810000000000	5.35386152819809
899.180000000000	5.32064341890075
899.560000000000	5.29256883296608
899.940000000000	5.26895094181445
900.310000000000	5.25091265646845
900.690000000000	5.23368223721677
901.070000000000	5.22531665102686
901.440000000000	5.22096219746373
901.820000000000	5.22407109636062
902.190000000000	5.23802704555515
902.570000000000	5.25926256913418
902.950000000000	5.28739077176215
903.320000000000	5.32445914837873
903.700000000000	5.36960226910727
904.070000000000	5.41830285536846
904.450000000000	5.48098797909291
904.820000000000	5.55400539173750
905.200000000000	5.63067235071825
905.580000000000	5.71262215250494
905.950000000000	5.80344070595989
906.330000000000	5.89429914968169
906.700000000000	5.98576973036347
907.080000000000	6.08218775686448
907.450000000000	6.18316751408212
907.830000000000	6.28820760348446
908.200000000000	6.40111096231038
908.580000000000	6.51556401414432
908.950000000000	6.62804880970330
909.330000000000	6.74501391068025
909.700000000000	6.86211880375902
910.080000000000	6.97701794471734
910.450000000000	7.09623220876145
910.830000000000	7.21814762395612
911.200000000000	7.33815758570308
911.580000000000	7.45701747067793
911.950000000000	7.56984694051687
912.320000000000	7.68716777032070
912.700000000000	7.79664277487344
913.070000000000	7.90875411983443
913.450000000000	8.01952180608500
913.820000000000	8.12807728907351
914.200000000000	8.23701971701244
914.570000000000	8.34266375390309
914.940000000000	8.44243684814027
915.320000000000	8.54052073099012
915.690000000000	8.63982126530270
916.060000000000	8.74065948030616
916.440000000000	8.84032942104689
916.810000000000	8.93353533527592
917.190000000000	9.02373739344146
917.560000000000	9.11029160502091
917.930000000000	9.19796945962546
918.310000000000	9.28446629757918
918.680000000000	9.37013202357146
919.050000000000	9.46613449655700
919.420000000000	9.56058872683052
919.800000000000	9.65250646457299
920.170000000000	9.74149786057197
920.540000000000	9.82457346345035
920.920000000000	9.91249458928197
921.290000000000	9.99939095487125
921.660000000000	10.0897776480762
922.030000000000	10.1823861148106
922.410000000000	10.2728082034395
922.780000000000	10.3647655612004
923.150000000000	10.4494437273089
923.520000000000	10.5399242443183
923.900000000000	10.6278523095883
924.270000000000	10.7131635035656
924.640000000000	10.7980224678638
925.010000000000	10.8879701371591
925.390000000000	10.9770784940070
925.760000000000	11.0640908150621
926.130000000000	11.1548654003948
926.500000000000	11.2458685708879
926.870000000000	11.3316289145975
927.240000000000	11.4230165100408
927.620000000000	11.5067003026523
927.990000000000	11.5894373040703
928.360000000000	11.6725891459897
928.730000000000	11.7620059249385
929.100000000000	11.8477194055151
929.470000000000	11.9377257611963
929.840000000000	12.0201419964969
930.220000000000	12.1113471931175
930.590000000000	12.1983265703712
930.960000000000	12.2979221590789
931.330000000000	12.3882275159095
931.700000000000	12.4849865633712
932.070000000000	12.5807763160182
932.440000000000	12.6796124351981
932.810000000000	12.7652317087231
933.180000000000	12.8501793580247
933.550000000000	12.9366216379541
933.920000000000	13.0440278600968
934.290000000000	13.1415696523652
934.660000000000	13.2365222005886
935.030000000000	13.3246165512752
935.400000000000	13.4179395623383
935.770000000000	13.5027595833496
936.140000000000	13.6009315970094
936.510000000000	13.6964253990848
936.880000000000	13.8090102230620
937.250000000000	13.9291295346559
937.620000000000	14.0437826473555
937.990000000000	14.1551618655787
938.360000000000	14.2659976533278
938.730000000000	14.3770989912297
939.100000000000	14.4913889342214
939.470000000000	14.6149779918423
939.840000000000	14.7459016860427
940.210000000000	14.8674948992664
940.580000000000	15.0012180999488
940.950000000000	15.1274346857908
941.320000000000	15.2488541835878
941.690000000000	15.3746657010352
942.060000000000	15.4968713505868
942.420000000000	15.6088009026288
942.790000000000	15.7463153905169
943.160000000000	15.8851524442518
943.530000000000	16.0172067422520
943.900000000000	16.1489092047216
944.270000000000	16.2809953748331
944.640000000000	16.4079725450768
945.010000000000	16.5358781793236
945.370000000000	16.6668500664225
945.740000000000	16.7998794328753
946.110000000000	16.9314625948892
946.480000000000	17.0753019499931
946.850000000000	17.2099947302603
947.210000000000	17.3364087760127
947.580000000000	17.4716608818558
947.950000000000	17.5988962775352
948.320000000000	17.7390881816253
948.690000000000	17.8876276449422
949.050000000000	18.0274210287217
949.420000000000	18.1657572938027
949.790000000000	18.2991766396469
950.160000000000	18.4399626358464
950.520000000000	18.5840928734257
950.890000000000	18.7314537225573
951.260000000000	18.8768509735700
951.630000000000	19.0172147959022
951.990000000000	19.1758410141002
952.360000000000	19.3208469611297
952.730000000000	19.4630949809941
953.090000000000	19.6283327642046
953.460000000000	19.7925176139466
953.830000000000	19.9634391021602
954.190000000000	20.1220682229331
954.560000000000	20.2714853932359
954.930000000000	20.4160667036093
955.290000000000	20.5595464287660
955.660000000000	20.7208830997192
956.030000000000	20.8900735835625
956.390000000000	21.0434336907269
956.760000000000	21.2066387966922
957.130000000000	21.3548377398831
957.490000000000	21.5043027312196
957.860000000000	21.6553391163282
958.220000000000	21.8130305108278
958.590000000000	21.9774338289895
958.960000000000	22.1280525365544
959.320000000000	22.3036816087562
959.690000000000	22.4585436431596
960.050000000000	22.6037687625205
960.420000000000	22.7747556823240
960.780000000000	22.9407962059353
961.150000000000	23.1311087642841
961.510000000000	23.3394723535459
961.880000000000	23.5197208277863
962.250000000000	23.7192384860910
962.610000000000	23.9397333583769
962.980000000000	24.1651539451546
963.340000000000	24.3785514022965
963.710000000000	24.6046961073909
964.070000000000	24.8289377806325
964.440000000000	25.0517250477988
964.800000000000	25.2660872282625
965.160000000000	25.4767890299207
965.530000000000	25.6619519547068
965.890000000000	25.8669746483527
966.260000000000	26.0688095362023
966.620000000000	26.2400410903059
966.990000000000	26.4451821941047
967.350000000000	26.6504493013414
967.720000000000	26.8767307298400
968.080000000000	27.0919797510880
968.440000000000	27.3176485457804
968.810000000000	27.5599685128270
969.170000000000	27.8070091098466
969.540000000000	28.0722508072388
969.900000000000	28.3424620202738
970.260000000000	28.6103103498207
970.630000000000	28.8989336599789
970.990000000000	29.1895843981518
971.350000000000	29.4828647717189
971.720000000000	29.7426246915252
972.080000000000	30.0319222745221
972.440000000000	30.2863733402581
972.810000000000	30.5640952775117
973.170000000000	30.8406049169473
973.530000000000	31.1238794382959
973.900000000000	31.4337325624893
974.260000000000	31.7169658512297
974.620000000000	32.0279327180207
974.990000000000	32.3011564895064
975.350000000000	32.6059706447875
975.710000000000	32.9203299343030
976.070000000000	33.2095155624204
976.440000000000	33.5470869170113
976.800000000000	33.8904836365742
977.160000000000	34.2113110917940
977.520000000000	34.5198472896867
977.890000000000	34.8266913127759
978.250000000000	35.1802573341546
978.610000000000	35.5021648171679
978.970000000000	35.8396116846144
979.330000000000	36.1296758114186
979.700000000000	36.4395693828388
980.060000000000	36.7519751708283
980.420000000000	37.0598373683932
980.780000000000	37.3562593535370
981.140000000000	37.6517061328237
981.500000000000	37.9886756824719
981.870000000000	38.3206773386910
982.230000000000	38.6613916513908
982.590000000000	39.0335987542000
982.950000000000	39.3958393807953
983.310000000000	39.8063270712593
983.670000000000	40.2172692950668
984.030000000000	40.6880984066367
984.390000000000	41.1779281184427
984.760000000000	41.6005813816004
985.120000000000	42.0466164407781
985.480000000000	42.4624374920659
985.840000000000	42.9040089757282
986.200000000000	43.3027196427254
986.560000000000	43.6881018747155
986.920000000000	44.1271183919806
987.280000000000	44.5394874177079
987.640000000000	44.9463983326314
988	45.3041094943886
988.360000000000	45.6052342708680
988.720000000000	45.9533077504823
989.080000000000	46.3310292354552
989.440000000000	46.7298863754739
989.800000000000	47.1352278292297
990.160000000000	47.5827199096783
990.520000000000	48.0082967701761
990.880000000000	48.4403063256518
991.240000000000	48.8948497082764
991.600000000000	49.3884478998089
991.960000000000	49.8633815410478
992.320000000000	50.4216132157211
992.680000000000	51.0571482666548
993.040000000000	51.6869607600330
993.400000000000	52.2543741235972
993.760000000000	52.8426867204674
994.120000000000	53.4238239824447
994.480000000000	53.9954125029205
994.830000000000	54.5782290482832
995.190000000000	55.1971179379218
995.550000000000	55.7724485530405
995.910000000000	56.4676083925784
996.270000000000	57.1088542990672
996.630000000000	57.6591680576238
996.990000000000	58.2167197760095
997.350000000000	58.8867183968739
997.700000000000	59.4911815741075
998.060000000000	60.0985180982578
998.420000000000	60.7632279968859
998.780000000000	61.3898716153628
999.140000000000	62.0173023415210
999.500000000000	62.6510624325536
999.850000000000	63.1883735162409
1000.21000000000	63.8279122709920
1000.57000000000	64.5241637231199
1000.93000000000	65.2406579656931
1001.28000000000	65.9382879728926
1001.64000000000	66.6791320717510
1002	67.4299040828864
1002.36000000000	68.1821835068210
1002.72000000000	68.9347100398489
1003.07000000000	69.7622850903798
1003.43000000000	70.5335339345004
1003.79000000000	71.3465490797428
1004.14000000000	72.0968372092746
1004.50000000000	72.9782949495508
1004.86000000000	73.7388794529512
1005.22000000000	74.4728445788775
1005.57000000000	75.2252230287714
1005.93000000000	75.9659746185492
1006.29000000000	76.6811695495541
1006.64000000000	77.5499580133908
1007	78.1860844188548
1007.36000000000	79.0883483299590
1007.71000000000	79.9998264993980
1008.07000000000	81.0681392899158
1008.43000000000	81.9643291501042
1008.78000000000	83.0341691825147
1009.14000000000	84.0733032285512
1009.49000000000	85.2475496481329
1009.85000000000	86.5260854312270
1010.21000000000	87.7227271935490
1010.56000000000	88.9080008079379
1010.92000000000	90.2721510327335
1011.27000000000	91.4467310002004
1011.63000000000	92.5350419139228
1011.99000000000	93.6304907083461
1012.34000000000	94.7865201101777
1012.70000000000	95.9391686899051
1013.05000000000	97.2602260287188
1013.41000000000	98.5080068229241
1013.76000000000	99.5463992934841
1014.12000000000	100.762307708133
1014.47000000000	101.912900729553
1014.83000000000	102.907889122140
1015.18000000000	104.028730861715
1015.54000000000	105.284932919575
1015.89000000000	106.307407431442
1016.25000000000	107.407526597020
1016.60000000000	108.546291748456
1016.96000000000	109.521148136469
1017.31000000000	110.656286844689
1017.67000000000	111.915249624759
1018.02000000000	113.237315585220
1018.38000000000	114.348500289995
1018.73000000000	115.858529290860
1019.08000000000	117.593010985956
1019.44000000000	119.053238302361
1019.79000000000	120.724794841143
1020.15000000000	122.473880501917
1020.50000000000	124.055938543062
1020.85000000000	125.576758969778
1021.21000000000	127.178372953031
1021.56000000000	128.818578635877
1021.92000000000	130.328633092858
1022.27000000000	132.410034310262
1022.62000000000	134.083793385292
1022.98000000000	135.417159995060
1023.33000000000	137.118055286574
1023.68000000000	139.527489714728
1024.04000000000	141.373742712010
1024.39000000000	143.615940021775
1024.74000000000	146.200676002245
1025.10000000000	148.335234772527
1025.45000000000	150.517970733557
1025.80000000000	152.972353522473
1026.15000000000	154.769834111345
1026.51000000000	156.839267202503
1026.86000000000	158.977479559760
1027.21000000000	161.648224262229
1027.57000000000	163.109147428833
1027.92000000000	165.569064560909
1028.27000000000	168.080760522931
1028.62000000000	170.248370836736
1028.97000000000	172.656313045951
1029.33000000000	174.770906791101
1029.68000000000	176.230944202665
1030.03000000000	178.743078861749
1030.38000000000	181.701457582293
1030.74000000000	184.463813664093
1031.09000000000	186.891306898631
1031.44000000000	189.497258166285
1031.79000000000	191.789713733547
1032.14000000000	193.511827244848
1032.49000000000	195.685696791043
1032.85000000000	198.419640551797
1033.20000000000	201.759390482015
1033.55000000000	205.382267218250
1033.90000000000	206.181887638864
1034.25000000000	207.331263593522
1034.60000000000	218.349423778205
1034.95000000000	218.343225646579
1035.30000000000	218.336911663369