# Step 	    Time    	  Current   	  Voltage   	Absolute time	Temperature 	
#   i  	     s      	     A      	     V      	     s      	     C      	
2022-03-18T10:03:26.125345
  0  	 0.000000 	 0.001000 	11.717230 	66456.520000	   nan    	
  1  	 0.240000 	 0.001000 	 9.390325 	66456.760000	   nan    	
  2  	 0.490000 	 0.001000 	 8.718112 	66457.010000	   nan    	
  3  	 0.740000 	 0.001000 	 8.324228 	66457.260000	   nan    	
  4  	 0.990000 	 0.001000 	 8.044321 	66457.510000	   nan    	
  5  	 1.240000 	 0.001000 	 7.828751 	66457.760000	   nan    	
  6  	 1.500000 	 0.001000 	 7.655841 	66458.020000	   nan    	
  7  	 1.750000 	 0.001000 	 7.513638 	66458.270000	   nan    	
  8  	 2.000000 	 0.001000 	 7.393175 	66458.520000	   nan    	
  9  	 2.240000 	 0.001000 	 7.293801 	66458.760000	   nan    	
 10  	 2.490000 	 0.001000 	 7.203634 	66459.010000	   nan    	
 11  	 2.740000 	 0.001000 	 7.123421 	66459.260000	   nan    	
 12  	 3.000000 	 0.001000 	 7.049510 	66459.520000	   nan    	
 13  	 3.250000 	 0.001000 	 6.982355 	66459.770000	   nan    	
 14  	 3.500000 	 0.001000 	 6.922733 	66460.020000	   nan    	
 15  	 3.750000 	 0.001000 	 6.867155 	66460.270000	   nan    	
 16  	 4.000000 	 0.001000 	 6.815763 	66460.520000	   nan    	
 17  	 4.240000 	 0.001000 	 6.770933 	66460.760000	   nan    	
 18  	 4.490000 	 0.001000 	 6.729695 	66461.010000	   nan    	
 19  	 4.730000 	 0.001000 	 6.690489 	66461.250000	   nan    	
 20  	 4.970000 	 0.001000 	 6.654146 	66461.490000	   nan    	
 21  	 5.230000 	 0.001000 	 6.619414 	66461.750000	   nan    	
 22  	 5.470000 	 0.001000 	 6.588424 	66461.990000	   nan    	
 23  	 5.710000 	 0.001000 	 6.561933 	66462.230000	   nan    	
 24  	 5.960000 	 0.001000 	 6.536942 	66462.480000	   nan    	
 25  	 6.220000 	 0.001000 	 6.512116 	66462.740000	   nan    	
 26  	 6.470000 	 0.001000 	 6.479342 	66462.990000	   nan    	
 27  	 6.720000 	 0.001000 	 6.449924 	66463.240000	   nan    	
 28  	 6.960000 	 0.001000 	 6.423121 	66463.480000	   nan    	
 29  	 7.210000 	 0.001000 	 6.396431 	66463.730000	   nan    	
 30  	 7.470000 	 0.001000 	 6.370501 	66463.990000	   nan    	
 31  	 7.720000 	 0.001000 	 6.348832 	66464.240000	   nan    	
 32  	 7.970000 	 0.001000 	 6.324789 	66464.490000	   nan    	
 33  	 8.220000 	 0.001000 	 6.302657 	66464.740000	   nan    	
 34  	 8.470000 	 0.001000 	 6.277383 	66464.990000	   nan    	
 35  	 8.720000 	 0.001000 	 6.253664 	66465.240000	   nan    	
 36  	 8.960000 	 0.001000 	 6.231930 	66465.480000	   nan    	
 37  	 9.210000 	 0.001000 	 6.212400 	66465.730000	   nan    	
 38  	 9.460000 	 0.001000 	 6.194014 	66465.980000	   nan    	
 39  	 9.710000 	 0.001000 	 6.176795 	66466.230000	   nan    	
 40  	 9.960000 	 0.001000 	 6.159804 	66466.480000	   nan    	
 41  	10.210000 	 0.001000 	 6.143880 	66466.730000	   nan    	
 42  	10.710000 	 0.001000 	 6.113196 	66467.230000	   nan    	
 43  	11.200000 	 0.001000 	 6.085328 	66467.720000	   nan    	
 44  	11.700000 	 0.001000 	 6.059430 	66468.220000	   nan    	
 45  	12.200000 	 0.001000 	 6.089779 	66468.720000	   nan    	
 46  	12.710000 	 0.001000 	 6.267760 	66469.230000	   nan    	
 47  	13.200000 	 0.001000 	 6.158577 	66469.720000	   nan    	
 48  	13.700000 	 0.001000 	 6.014321 	66470.220000	   nan    	
 49  	14.190000 	 0.001000 	 5.967488 	66470.710000	   nan    	
 50  	14.690000 	 0.001000 	 5.916950 	66471.210000	   nan    	
 51  	15.190000 	 0.001000 	 6.040991 	66471.710000	   nan    	
 52  	15.680000 	 0.001000 	 5.908186 	66472.200000	   nan    	
 53  	16.180000 	 0.001000 	 5.851674 	66472.700000	   nan    	
 54  	16.680000 	 0.001000 	 5.845945 	66473.200000	   nan    	
 55  	17.170000 	 0.001000 	 5.855644 	66473.690000	   nan    	
 56  	17.670000 	 0.001000 	 5.900931 	66474.190000	   nan    	
 57  	18.160000 	 0.001000 	 5.834860 	66474.680000	   nan    	
 58  	18.660000 	 0.001000 	 5.839351 	66475.180000	   nan    	
 59  	19.150000 	 0.001000 	 5.805335 	66475.670000	   nan    	
 60  	19.650000 	 0.001000 	 5.788744 	66476.170000	   nan    	
 61  	20.140000 	 0.001000 	 5.763646 	66476.660000	   nan    	
 62  	20.640000 	 0.001000 	 5.752433 	66477.160000	   nan    	
 63  	21.140000 	 0.001000 	 5.717824 	66477.660000	   nan    	
 64  	21.630000 	 0.001000 	 5.703291 	66478.150000	   nan    	
 65  	22.130000 	 0.001000 	 5.693678 	66478.650000	   nan    	
 66  	22.620000 	 0.001000 	 5.674233 	66479.140000	   nan    	
 67  	23.120000 	 0.001000 	 5.667875 	66479.640000	   nan    	
 68  	23.610000 	 0.001000 	 5.680341 	66480.130000	   nan    	
 69  	24.110000 	 0.001000 	 5.710208 	66480.630000	   nan    	
 70  	24.600000 	 0.001000 	 5.671530 	66481.120000	   nan    	
 71  	25.100000 	 0.001000 	 5.638841 	66481.620000	   nan    	
 72  	25.600000 	 0.001000 	 5.646631 	66482.120000	   nan    	
 73  	26.100000 	 0.001000 	 5.630821 	66482.620000	   nan    	
 74  	26.590000 	 0.001000 	 5.635616 	66483.110000	   nan    	
 75  	27.080000 	 0.001000 	 5.611735 	66483.600000	   nan    	
 76  	27.590000 	 0.001000 	 5.607744 	66484.110000	   nan    	
 77  	28.090000 	 0.001000 	 5.594786 	66484.610000	   nan    	
 78  	28.580000 	 0.001000 	 5.575047 	66485.100000	   nan    	
 79  	29.070000 	 0.001000 	 5.563462 	66485.590000	   nan    	
 80  	29.570000 	 0.001000 	 5.553115 	66486.090000	   nan    	
 81  	30.070000 	 0.001000 	 5.544260 	66486.590000	   nan    	
 82  	30.570000 	 0.001000 	 5.531672 	66487.090000	   nan    	
 83  	31.070000 	 0.001000 	 5.524067 	66487.590000	   nan    	
 84  	31.570000 	 0.001000 	 5.511796 	66488.090000	   nan    	
 85  	32.060000 	 0.001000 	 5.500475 	66488.580000	   nan    	
 86  	32.570000 	 0.001000 	 5.489140 	66489.090000	   nan    	
 87  	33.060000 	 0.001000 	 5.481359 	66489.580000	   nan    	
 88  	33.550000 	 0.001000 	 5.474099 	66490.070000	   nan    	
 89  	34.040000 	 0.001000 	 5.466955 	66490.560000	   nan    	
 90  	34.550000 	 0.001000 	 5.462445 	66491.070000	   nan    	
 91  	35.040000 	 0.001000 	 5.440215 	66491.560000	   nan    	
 92  	35.540000 	 0.001000 	 5.452509 	66492.060000	   nan    	
 93  	36.040000 	 0.001000 	 5.440057 	66492.560000	   nan    	
 94  	36.550000 	 0.001000 	 5.429334 	66493.070000	   nan    	
 95  	37.040000 	 0.001000 	 5.420335 	66493.560000	   nan    	
 96  	37.540000 	 0.001000 	 5.413186 	66494.060000	   nan    	
 97  	38.040000 	 0.001000 	 5.397542 	66494.560000	   nan    	
 98  	38.530000 	 0.001000 	 5.406797 	66495.050000	   nan    	
 99  	39.040000 	 0.001000 	 5.393415 	66495.560000	   nan    	
 100 	39.530000 	 0.001000 	 5.399979 	66496.050000	   nan    	
 101 	40.040000 	 0.001000 	 5.385327 	66496.560000	   nan    	
 102 	40.530000 	 0.001000 	 5.379453 	66497.050000	   nan    	
 103 	41.030000 	 0.001000 	 5.393742 	66497.550000	   nan    	
 104 	41.530000 	 0.001000 	 5.411460 	66498.050000	   nan    	
 105 	42.020000 	 0.001000 	 5.448801 	66498.540000	   nan    	
 106 	42.520000 	 0.001000 	 5.509415 	66499.040000	   nan    	
 107 	43.020000 	 0.001000 	 5.495453 	66499.540000	   nan    	
 108 	43.510000 	 0.001000 	 5.413104 	66500.030000	   nan    	
 109 	44.010000 	 0.001000 	 5.364587 	66500.530000	   nan    	
 110 	44.500000 	 0.001000 	 5.351116 	66501.020000	   nan    	
 111 	45.000000 	 0.001000 	 5.342062 	66501.520000	   nan    	
 112 	45.500000 	 0.001000 	 5.341682 	66502.020000	   nan    	
 113 	46.000000 	 0.001000 	 5.338137 	66502.520000	   nan    	
 114 	46.490000 	 0.001000 	 5.332269 	66503.010000	   nan    	
 115 	46.980000 	 0.001000 	 5.331182 	66503.500000	   nan    	
 116 	47.480000 	 0.001000 	 5.342597 	66504.000000	   nan    	
 117 	47.980000 	 0.001000 	 5.367364 	66504.500000	   nan    	
 118 	48.490000 	 0.001000 	 5.351477 	66505.010000	   nan    	
 119 	48.980000 	 0.001000 	 5.315407 	66505.500000	   nan    	
 120 	49.470000 	 0.001000 	 5.301461 	66505.990000	   nan    	
 121 	49.980000 	 0.001000 	 5.289935 	66506.500000	   nan    	
 122 	50.460000 	 0.001000 	 5.277993 	66506.980000	   nan    	
 123 	50.970000 	 0.001000 	 5.268558 	66507.490000	   nan    	
 124 	51.460000 	 0.001000 	 5.260902 	66507.980000	   nan    	
 125 	51.960000 	 0.001000 	 5.256286 	66508.480000	   nan    	
 126 	52.450000 	 0.001000 	 5.252133 	66508.970000	   nan    	
 127 	52.950000 	 0.001000 	 5.248305 	66509.470000	   nan    	
 128 	53.450000 	 0.001000 	 5.245089 	66509.970000	   nan    	
 129 	53.940000 	 0.001000 	 5.241768 	66510.460000	   nan    	
 130 	54.440000 	 0.001000 	 5.237079 	66510.960000	   nan    	
 131 	54.930000 	 0.001000 	 5.233946 	66511.450000	   nan    	
 132 	55.430000 	 0.001000 	 5.229890 	66511.950000	   nan    	
 133 	55.930000 	 0.001000 	 5.223712 	66512.450000	   nan    	
 134 	56.430000 	 0.001000 	 5.218839 	66512.950000	   nan    	
 135 	56.930000 	 0.001000 	 5.214029 	66513.450000	   nan    	
 136 	57.420000 	 0.001000 	 5.209164 	66513.940000	   nan    	
 137 	57.910000 	 0.001000 	 5.205116 	66514.430000	   nan    	
 138 	58.410000 	 0.001000 	 5.200887 	66514.930000	   nan    	
 139 	58.910000 	 0.001000 	 5.197023 	66515.430000	   nan    	
 140 	59.400000 	 0.001000 	 5.192963 	66515.920000	   nan    	
 141 	59.900000 	 0.001000 	 5.188820 	66516.420000	   nan    	
 142 	60.390000 	 0.001000 	 5.185546 	66516.910000	   nan    	
 143 	61.390000 	 0.001000 	 5.178663 	66517.910000	   nan    	
 144 	62.390000 	 0.001000 	 5.210605 	66518.910000	   nan    	
 145 	63.390000 	 0.001000 	 5.056682 	66519.910000	   nan    	
 146 	64.390000 	 0.001000 	 5.284086 	66520.910000	   nan    	
 147 	65.390000 	 0.001000 	 5.274053 	66521.910000	   nan    	
 148 	66.390000 	 0.001000 	 5.044930 	66522.910000	   nan    	
 149 	67.390000 	 0.001000 	 5.043460 	66523.910000	   nan    	
 150 	68.380000 	 0.001000 	 5.025965 	66524.900000	   nan    	
 151 	69.380000 	 0.001000 	 5.012801 	66525.900000	   nan    	
 152 	70.370000 	 0.001000 	 5.007081 	66526.890000	   nan    	
 153 	71.370000 	 0.001000 	 4.996404 	66527.890000	   nan    	
 154 	72.360000 	 0.001000 	 4.989823 	66528.880000	   nan    	
 155 	73.360000 	 0.001000 	 4.983586 	66529.880000	   nan    	
 156 	74.360000 	 0.001000 	 4.978384 	66530.880000	   nan    	
 157 	75.370000 	 0.001000 	 4.972925 	66531.890000	   nan    	
 158 	76.380000 	 0.001000 	 4.967341 	66532.900000	   nan    	
 159 	77.380000 	 0.001000 	 4.961336 	66533.900000	   nan    	
 160 	78.380000 	 0.001000 	 4.955303 	66534.900000	   nan    	
 161 	79.380000 	 0.001000 	 5.387094 	66535.900000	   nan    	
 162 	80.380000 	 0.001000 	 4.980910 	66536.900000	   nan    	
 163 	81.380000 	 0.001000 	 4.948375 	66537.900000	   nan    	
 164 	82.380000 	 0.001000 	 5.089680 	66538.900000	   nan    	
 165 	83.380000 	 0.001000 	 5.202235 	66539.900000	   nan    	
 166 	84.380000 	 0.001000 	 5.242209 	66540.900000	   nan    	
 167 	85.370000 	 0.001000 	 5.020034 	66541.890000	   nan    	
 168 	86.370000 	 0.001000 	 4.942245 	66542.890000	   nan    	
 169 	87.370000 	 0.001000 	 4.935139 	66543.890000	   nan    	
 170 	88.360000 	 0.001000 	 4.954882 	66544.880000	   nan    	
 171 	89.360000 	 0.001000 	 5.055246 	66545.880000	   nan    	
 172 	90.360000 	 0.001000 	 5.039101 	66546.880000	   nan    	
 173 	91.360000 	 0.001000 	 5.020915 	66547.880000	   nan    	
 174 	92.360000 	 0.001000 	 4.956006 	66548.880000	   nan    	
 175 	93.360000 	 0.001000 	 4.927799 	66549.880000	   nan    	
 176 	94.350000 	 0.001000 	 4.917954 	66550.870000	   nan    	
 177 	95.360000 	 0.001000 	 4.904830 	66551.880000	   nan    	
 178 	96.360000 	 0.001000 	 4.900199 	66552.880000	   nan    	
 179 	97.350000 	 0.001000 	 4.888605 	66553.870000	   nan    	
 180 	98.360000 	 0.001000 	 4.883699 	66554.880000	   nan    	
 181 	99.350000 	 0.001000 	 4.880060 	66555.870000	   nan    	
 182 	100.350000	 0.001000 	 4.875460 	66556.870000	   nan    	
 183 	101.350000	 0.001000 	 4.870953 	66557.870000	   nan    	
 184 	102.350000	 0.001000 	 4.864611 	66558.870000	   nan    	
 185 	103.350000	 0.001000 	 4.856884 	66559.870000	   nan    	
 186 	104.340000	 0.001000 	 4.850606 	66560.860000	   nan    	
 187 	105.340000	 0.001000 	 4.844315 	66561.860000	   nan    	
 188 	106.340000	 0.001000 	 4.840577 	66562.860000	   nan    	
 189 	107.340000	 0.001000 	 4.836052 	66563.860000	   nan    	
 190 	108.340000	 0.001000 	 4.830734 	66564.860000	   nan    	
 191 	109.330000	 0.001000 	 4.830557 	66565.850000	   nan    	
 192 	110.330000	 0.001000 	 5.184205 	66566.850000	   nan    	
 193 	111.330000	 0.001000 	 5.153093 	66567.850000	   nan    	
 194 	112.330000	 0.001000 	 4.953824 	66568.850000	   nan    	
 195 	113.330000	 0.001000 	 5.159008 	66569.850000	   nan    	
 196 	114.330000	 0.001000 	 5.014524 	66570.850000	   nan    	
 197 	115.330000	 0.001000 	 4.804344 	66571.850000	   nan    	
 198 	116.330000	 0.001000 	 4.813357 	66572.850000	   nan    	
 199 	117.320000	 0.001000 	 4.802983 	66573.840000	   nan    	
 200 	118.330000	 0.001000 	 4.800818 	66574.850000	   nan    	
 201 	119.330000	 0.001000 	 4.801363 	66575.850000	   nan    	
 202 	120.330000	 0.001000 	 4.844393 	66576.850000	   nan    	
 203 	125.330000	 0.001000 	 4.764789 	66581.850000	   nan    	
 204 	130.330000	 0.001000 	 4.751804 	66586.850000	   nan    	
 205 	135.330000	 0.001000 	 4.723955 	66591.850000	   nan    	
 206 	140.330000	 0.001000 	 4.703973 	66596.850000	   nan    	
 207 	145.320000	 0.001000 	 4.710202 	66601.840000	   nan    	
 208 	150.320000	 0.001000 	 4.681164 	66606.840000	   nan    	
 209 	155.320000	 0.001000 	 4.667487 	66611.840000	   nan    	
 210 	160.330000	 0.001000 	 4.670302 	66616.850000	   nan    	
 211 	165.320000	 0.001000 	 4.654760 	66621.840000	   nan    	
 212 	170.320000	 0.001000 	 4.648263 	66626.840000	   nan    	
 213 	175.320000	 0.001000 	 4.644269 	66631.840000	   nan    	
 214 	180.320000	 0.001000 	 4.632898 	66636.840000	   nan    	
 215 	185.320000	 0.001000 	 4.620544 	66641.840000	   nan    	
 216 	190.320000	 0.001000 	 4.613277 	66646.840000	   nan    	
 217 	195.320000	 0.001000 	 4.604970 	66651.840000	   nan    	
 218 	200.310000	 0.001000 	 4.599978 	66656.830000	   nan    	
 219 	205.310000	 0.001000 	 4.602884 	66661.830000	   nan    	
 220 	210.300000	 0.001000 	 4.735496 	66666.820000	   nan    	
 221 	215.300000	 0.001000 	 4.760680 	66671.820000	   nan    	
 222 	220.300000	 0.001000 	 4.679040 	66676.820000	   nan    	
 223 	225.290000	 0.001000 	 4.631633 	66681.810000	   nan    	
 224 	230.290000	 0.001000 	 4.599169 	66686.810000	   nan    	
 225 	235.290000	 0.001000 	 4.567058 	66691.810000	   nan    	
 226 	240.290000	 0.001000 	 4.548973 	66696.810000	   nan    	
 227 	245.280000	 0.001000 	 4.539585 	66701.800000	   nan    	
 228 	250.280000	 0.001000 	 4.531331 	66706.800000	   nan    	
 229 	255.280000	 0.001000 	 4.523685 	66711.800000	   nan    	
 230 	260.280000	 0.001000 	 4.518856 	66716.800000	   nan    	
 231 	265.280000	 0.001000 	 4.515199 	66721.800000	   nan    	
 232 	270.280000	 0.001000 	 4.504295 	66726.800000	   nan    	
 233 	275.290000	 0.001000 	 4.492142 	66731.810000	   nan    	
 234 	280.290000	 0.001000 	 4.480358 	66736.810000	   nan    	
 235 	285.280000	 0.001000 	 4.471087 	66741.800000	   nan    	
 236 	290.280000	 0.001000 	 4.463943 	66746.800000	   nan    	
 237 	295.280000	 0.001000 	 4.457313 	66751.800000	   nan    	
 238 	300.280000	 0.001000 	 4.450606 	66756.800000	   nan    	
 239 	310.270000	 0.001000 	 4.438570 	66766.790000	   nan    	
 240 	320.270000	 0.001000 	 4.427238 	66776.790000	   nan    	
 241 	330.260000	 0.001000 	 4.417322 	66786.780000	   nan    	
 242 	340.260000	 0.001000 	 4.408047 	66796.780000	   nan    	
 243 	350.250000	 0.001000 	 4.398454 	66806.770000	   nan    	
 244 	360.250000	 0.001000 	 4.390598 	66816.770000	   nan    	
 245 	370.250000	 0.001000 	 4.383128 	66826.770000	   nan    	
 246 	380.250000	 0.001000 	 4.376430 	66836.770000	   nan    	
 247 	390.250000	 0.001000 	 4.368618 	66846.770000	   nan    	
 248 	400.250000	 0.001000 	 4.362771 	66856.770000	   nan    	
 249 	410.250000	 0.001000 	 4.357120 	66866.770000	   nan    	
 250 	420.250000	 0.001000 	 4.352589 	66876.770000	   nan    	
 251 	430.250000	 0.001000 	 4.347302 	66886.770000	   nan    	
 252 	440.250000	 0.001000 	 4.342838 	66896.770000	   nan    	
 253 	450.250000	 0.001000 	 4.337452 	66906.770000	   nan    	
 254 	460.250000	 0.001000 	 4.407037 	66916.770000	   nan    	
 255 	470.250000	 0.001000 	 4.290738 	66926.770000	   nan    	
 256 	480.240000	 0.001000 	 4.276302 	66936.760000	   nan    	
 257 	490.240000	 0.001000 	 4.307983 	66946.760000	   nan    	
 258 	500.240000	 0.001000 	 4.470411 	66956.760000	   nan    	
 259 	510.230000	 0.001000 	 4.532064 	66966.750000	   nan    	
 260 	520.230000	 0.001000 	 4.290632 	66976.750000	   nan    	
 261 	530.220000	 0.001000 	 4.255317 	66986.740000	   nan    	
 262 	540.210000	 0.001000 	 4.246100 	66996.730000	   nan    	
 263 	550.210000	 0.001000 	 4.239736 	67006.730000	   nan    	
 264 	560.210000	 0.001000 	 4.233094 	67016.730000	   nan    	
 265 	570.210000	 0.001000 	 4.227754 	67026.730000	   nan    	
 266 	580.210000	 0.001000 	 4.223687 	67036.730000	   nan    	
 267 	590.210000	 0.001000 	 4.219145 	67046.730000	   nan    	
 268 	600.200000	 0.001000 	 4.215137 	67056.720000	   nan    	
 269 	610.200000	 0.001000 	 4.210914 	67066.720000	   nan    	
 270 	620.210000	 0.001000 	 4.207206 	67076.730000	   nan    	
 271 	630.200000	 0.001000 	 4.203817 	67086.720000	   nan    	
 272 	640.200000	 0.001000 	 4.200006 	67096.720000	   nan    	
 273 	650.190000	 0.001000 	 4.196207 	67106.710000	   nan    	
 274 	660.190000	 0.001000 	 4.192482 	67116.710000	   nan    	
 275 	670.190000	 0.001000 	 4.188799 	67126.710000	   nan    	
 276 	680.180000	 0.001000 	 4.185112 	67136.700000	   nan    	
 277 	690.180000	 0.001000 	 4.181268 	67146.700000	   nan    	
 278 	700.180000	 0.001000 	 4.177632 	67156.700000	   nan    	
 279 	710.180000	 0.001000 	 4.173506 	67166.700000	   nan    	
 280 	720.180000	 0.001000 	 4.169475 	67176.700000	   nan    	
 281 	730.180000	 0.001000 	 4.166001 	67186.700000	   nan    	
 282 	740.180000	 0.001000 	 4.162939 	67196.700000	   nan    	
 283 	750.180000	 0.001000 	 4.160426 	67206.700000	   nan    	
 284 	760.180000	 0.001000 	 4.158221 	67216.700000	   nan    	
 285 	770.180000	 0.001000 	 4.156258 	67226.700000	   nan    	
 286 	780.180000	 0.001000 	 4.155144 	67236.700000	   nan    	
 287 	790.180000	 0.001000 	 4.154015 	67246.700000	   nan    	
 288 	800.180000	 0.001000 	 4.151630 	67256.700000	   nan    	
 289 	810.170000	 0.001000 	 4.148242 	67266.690000	   nan    	
 290 	820.170000	 0.001000 	 4.145672 	67276.690000	   nan    	
 291 	830.160000	 0.001000 	 4.142596 	67286.680000	   nan    	
 292 	840.160000	 0.001000 	 4.143164 	67296.680000	   nan    	
 293 	850.150000	 0.001000 	 4.149633 	67306.670000	   nan    	
 294 	860.140000	 0.001000 	 4.412654 	67316.660000	   nan    	
 295 	870.140000	 0.001000 	 4.191742 	67326.660000	   nan    	
 296 	880.140000	 0.001000 	 4.487788 	67336.660000	   nan    	
 297 	890.140000	 0.001000 	 4.135151 	67346.660000	   nan    	
 298 	900.140000	 0.001000 	 4.120391 	67356.660000	   nan    	
 299 	910.140000	 0.001000 	 4.284079 	67366.660000	   nan    	
 300 	920.130000	 0.001000 	 4.501857 	67376.650000	   nan    	
 301 	930.120000	 0.001000 	 4.462627 	67386.640000	   nan    	
 302 	940.120000	 0.001000 	 4.160663 	67396.640000	   nan    	
 303 	950.120000	 0.001000 	 4.157516 	67406.640000	   nan    	
 304 	960.120000	 0.001000 	 4.153203 	67416.640000	   nan    	
 305 	970.130000	 0.001000 	 4.150399 	67426.650000	   nan    	
 306 	980.120000	 0.001000 	 4.147528 	67436.640000	   nan    	
 307 	990.110000	 0.001000 	 4.144908 	67446.630000	   nan    	
 308 	1000.120000	 0.001000 	 4.143022 	67456.640000	   nan    	
 309 	1010.120000	 0.001000 	 4.140910 	67466.640000	   nan    	
 310 	1020.120000	 0.001000 	 4.138609 	67476.640000	   nan    	
 311 	1030.120000	 0.001000 	 4.136685 	67486.640000	   nan    	
 312 	1040.110000	 0.001000 	 4.134634 	67496.630000	   nan    	
 313 	1050.110000	 0.001000 	 4.133203 	67506.630000	   nan    	
 314 	1060.110000	 0.001000 	 4.131670 	67516.630000	   nan    	
 315 	1070.100000	 0.001000 	 4.128721 	67526.620000	   nan    	
 316 	1080.100000	 0.001000 	 4.124919 	67536.620000	   nan    	
 317 	1090.090000	 0.001000 	 4.118656 	67546.610000	   nan    	
 318 	1100.090000	 0.001000 	 4.113455 	67556.610000	   nan    	
 319 	1110.080000	 0.001000 	 4.108941 	67566.600000	   nan    	
 320 	1120.090000	 0.001000 	 4.105978 	67576.610000	   nan    	
 321 	1130.080000	 0.001000 	 4.103234 	67586.600000	   nan    	
 322 	1140.080000	 0.001000 	 4.101049 	67596.600000	   nan    	
 323 	1150.080000	 0.001000 	 4.098868 	67606.600000	   nan    	
 324 	1160.070000	 0.001000 	 4.097863 	67616.590000	   nan    	
 325 	1170.070000	 0.001000 	 4.097335 	67626.590000	   nan    	
 326 	1180.070000	 0.001000 	 4.096970 	67636.590000	   nan    	
 327 	1190.070000	 0.001000 	 4.096987 	67646.590000	   nan    	
 328 	1200.070000	 0.001000 	 4.098999 	67656.590000	   nan    	
 329 	1210.060000	 0.001000 	 4.103645 	67666.580000	   nan    	
 330 	1220.060000	 0.001000 	 4.124420 	67676.580000	   nan    	
 331 	1230.050000	 0.001000 	 4.154661 	67686.570000	   nan    	
 332 	1240.050000	 0.001000 	 4.118368 	67696.570000	   nan    	
 333 	1250.050000	 0.001000 	 4.130399 	67706.570000	   nan    	
 334 	1260.050000	 0.001000 	 4.226558 	67716.570000	   nan    	
 335 	1270.040000	 0.001000 	 4.223568 	67726.560000	   nan    	
 336 	1280.040000	 0.001000 	 4.201408 	67736.560000	   nan    	
 337 	1290.040000	 0.001000 	 4.233285 	67746.560000	   nan    	
 338 	1300.050000	 0.001000 	 4.258434 	67756.570000	   nan    	
 339 	1310.040000	 0.001000 	 4.174817 	67766.560000	   nan    	
 340 	1320.040000	 0.001000 	 4.230415 	67776.560000	   nan    	
 341 	1330.030000	 0.001000 	 4.147824 	67786.550000	   nan    	
 342 	1340.030000	 0.001000 	 4.170717 	67796.550000	   nan    	
 343 	1350.030000	 0.001000 	 4.122002 	67806.550000	   nan    	
 344 	1360.030000	 0.001000 	 4.142323 	67816.550000	   nan    	
 345 	1370.030000	 0.001000 	 4.151197 	67826.550000	   nan    	
 346 	1380.030000	 0.001000 	 4.137160 	67836.550000	   nan    	
 347 	1390.020000	 0.001000 	 4.147339 	67846.540000	   nan    	
 348 	1400.020000	 0.001000 	 4.146132 	67856.540000	   nan    	
 349 	1410.030000	 0.001000 	 4.132885 	67866.550000	   nan    	
 350 	1420.020000	 0.001000 	 4.131666 	67876.540000	   nan    	
 351 	1430.020000	 0.001000 	 4.126643 	67886.540000	   nan    	
 352 	1440.010000	 0.001000 	 4.116841 	67896.530000	   nan    	
 353 	1450.010000	 0.001000 	 4.121489 	67906.530000	   nan    	
 354 	1460.010000	 0.001000 	 4.126456 	67916.530000	   nan    	
 355 	1470.020000	 0.001000 	 4.143601 	67926.540000	   nan    	
 356 	1480.020000	 0.001000 	 4.152358 	67936.540000	   nan    	
 357 	1490.020000	 0.001000 	 4.181007 	67946.540000	   nan    	
 358 	1500.020000	 0.001000 	 4.144190 	67956.540000	   nan    	
 359 	1510.010000	 0.001000 	 4.137956 	67966.530000	   nan    	
 360 	1520.020000	 0.001000 	 4.132007 	67976.540000	   nan    	
 361 	1530.020000	 0.001000 	 4.123407 	67986.540000	   nan    	
 362 	1540.010000	 0.001000 	 4.116632 	67996.530000	   nan    	
 363 	1550.020000	 0.001000 	 4.109357 	68006.540000	   nan    	
 364 	1560.020000	 0.001000 	 4.099400 	68016.540000	   nan    	
 365 	1570.020000	 0.001000 	 4.094738 	68026.540000	   nan    	
 366 	1580.020000	 0.001000 	 4.092843 	68036.540000	   nan    	
 367 	1590.010000	 0.001000 	 4.093552 	68046.530000	   nan    	
 368 	1600.010000	 0.001000 	 4.095790 	68056.530000	   nan    	
 369 	1610.010000	 0.001000 	 4.133902 	68066.530000	   nan    	
 370 	1620.010000	 0.001000 	 4.195210 	68076.530000	   nan    	
 371 	1630.010000	 0.001000 	 4.283176 	68086.530000	   nan    	
 372 	1640.010000	 0.001000 	 4.252228 	68096.530000	   nan    	
 373 	1650.010000	 0.001000 	 4.133744 	68106.530000	   nan    	
 374 	1660.010000	 0.001000 	 4.091218 	68116.530000	   nan    	
 375 	1670.010000	 0.001000 	 4.239904 	68126.530000	   nan    	
 376 	1680.010000	 0.001000 	 4.128205 	68136.530000	   nan    	
 377 	1690.000000	 0.001000 	 4.163917 	68146.520000	   nan    	
 378 	1700.000000	 0.001000 	 4.075336 	68156.520000	   nan    	
 379 	1710.000000	 0.001000 	 4.068384 	68166.520000	   nan    	
 380 	1720.000000	 0.001000 	 4.064864 	68176.520000	   nan    	
 381 	1730.000000	 0.001000 	 4.061862 	68186.520000	   nan    	
 382 	1740.000000	 0.001000 	 4.060940 	68196.520000	   nan    	
 383 	1750.000000	 0.001000 	 4.060361 	68206.520000	   nan    	
 384 	1760.000000	 0.001000 	 4.060833 	68216.520000	   nan    	
 385 	1770.000000	 0.001000 	 4.062826 	68226.520000	   nan    	
 386 	1780.000000	 0.001000 	 4.064150 	68236.520000	   nan    	
 387 	1790.000000	 0.001000 	 4.064764 	68246.520000	   nan    	
 388 	1800.000000	 0.001000 	 4.068685 	68256.520000	   nan    	
 389 	1810.000000	 0.001000 	 4.076700 	68266.520000	   nan    	
 390 	1820.000000	 0.001000 	 4.096297 	68276.520000	   nan    	
 391 	1829.990000	 0.001000 	 4.198118 	68286.510000	   nan    	
 392 	1839.990000	 0.001000 	 4.224887 	68296.510000	   nan    	
 393 	1850.000000	 0.001000 	 4.212046 	68306.520000	   nan    	
 394 	1859.990000	 0.001000 	 4.197578 	68316.510000	   nan    	
 395 	1869.990000	 0.001000 	 4.236217 	68326.510000	   nan    	
 396 	1879.980000	 0.001000 	 4.229513 	68336.500000	   nan    	
 397 	1889.980000	 0.001000 	 4.178089 	68346.500000	   nan    	
 398 	1899.970000	 0.001000 	 4.177418 	68356.490000	   nan    	
 399 	1909.970000	 0.001000 	 4.186452 	68366.490000	   nan    	
 400 	1919.960000	 0.001000 	 4.224029 	68376.480000	   nan    	
 401 	1929.960000	 0.001000 	 4.224445 	68386.480000	   nan    	
 402 	1939.960000	 0.001000 	 4.191062 	68396.480000	   nan    	
 403 	1949.960000	 0.001000 	 4.167678 	68406.480000	   nan    	
 404 	1959.960000	 0.001000 	 4.151444 	68416.480000	   nan    	
 405 	1969.960000	 0.001000 	 4.114718 	68426.480000	   nan    	
 406 	1979.960000	 0.001000 	 4.122830 	68436.480000	   nan    	
 407 	1989.960000	 0.001000 	 4.081186 	68446.480000	   nan    	
 408 	1999.960000	 0.001000 	 4.115751 	68456.480000	   nan    	
 409 	2009.960000	 0.001000 	 4.203826 	68466.480000	   nan    	
 410 	2019.960000	 0.001000 	 4.275714 	68476.480000	   nan    	
 411 	2029.950000	 0.001000 	 4.308097 	68486.470000	   nan    	
 412 	2039.950000	 0.001000 	 4.137549 	68496.470000	   nan    	
 413 	2049.950000	 0.001000 	 4.125099 	68506.470000	   nan    	
 414 	2059.950000	 0.001000 	 4.208225 	68516.470000	   nan    	
 415 	2069.950000	 0.001000 	 4.098569 	68526.470000	   nan    	
 416 	2079.950000	 0.001000 	 4.081679 	68536.470000	   nan    	
 417 	2089.950000	 0.001000 	 4.226603 	68546.470000	   nan    	
 418 	2099.950000	 0.001000 	 4.098423 	68556.470000	   nan    	
 419 	2109.950000	 0.001000 	 4.102069 	68566.470000	   nan    	
 420 	2119.950000	 0.001000 	 4.080702 	68576.470000	   nan    	
 421 	2129.950000	 0.001000 	 4.086798 	68586.470000	   nan    	
 422 	2139.950000	 0.001000 	 4.091680 	68596.470000	   nan    	
 423 	2149.950000	 0.001000 	 4.094715 	68606.470000	   nan    	
 424 	2159.950000	 0.001000 	 4.094738 	68616.470000	   nan    	
 425 	2169.950000	 0.001000 	 4.111063 	68626.470000	   nan    	
 426 	2179.940000	 0.001000 	 4.102703 	68636.460000	   nan    	
 427 	2189.940000	 0.001000 	 4.089253 	68646.460000	   nan    	
 428 	2199.950000	 0.001000 	 4.100214 	68656.470000	   nan    	
 429 	2209.940000	 0.001000 	 4.103787 	68666.460000	   nan    	
 430 	2219.940000	 0.001000 	 4.101747 	68676.460000	   nan    	
 431 	2229.940000	 0.001000 	 4.088825 	68686.460000	   nan    	
 432 	2239.940000	 0.001000 	 4.085680 	68696.460000	   nan    	
 433 	2249.940000	 0.001000 	 4.093022 	68706.460000	   nan    	
 434 	2259.940000	 0.001000 	 4.100733 	68716.460000	   nan    	
 435 	2269.940000	 0.001000 	 4.107332 	68726.460000	   nan    	
 436 	2279.940000	 0.001000 	 4.125990 	68736.460000	   nan    	
 437 	2289.940000	 0.001000 	 4.123048 	68746.460000	   nan    	
 438 	2299.930000	 0.001000 	 4.123609 	68756.450000	   nan    	
 439 	2309.930000	 0.001000 	 4.204308 	68766.450000	   nan    	
 440 	2319.930000	 0.001000 	 4.155040 	68776.450000	   nan    	
 441 	2329.930000	 0.001000 	 4.107521 	68786.450000	   nan    	
 442 	2339.930000	 0.001000 	 4.091837 	68796.450000	   nan    	
 443 	2349.940000	 0.001000 	 4.084965 	68806.460000	   nan    	
 444 	2359.940000	 0.001000 	 4.075930 	68816.460000	   nan    	
 445 	2369.930000	 0.001000 	 4.069476 	68826.450000	   nan    	
 446 	2379.930000	 0.001000 	 4.047151 	68836.450000	   nan    	
 447 	2389.930000	 0.001000 	 4.193845 	68846.450000	   nan    	
 448 	2399.930000	 0.001000 	 4.222645 	68856.450000	   nan    	
 449 	2409.930000	 0.001000 	 4.103604 	68866.450000	   nan    	
 450 	2419.930000	 0.001000 	 4.293444 	68876.450000	   nan    	
 451 	2429.930000	 0.001000 	 4.219394 	68886.450000	   nan    	
 452 	2439.930000	 0.001000 	 4.136464 	68896.450000	   nan    	
 453 	2449.930000	 0.001000 	 4.168697 	68906.450000	   nan    	
 454 	2459.930000	 0.001000 	 4.303956 	68916.450000	   nan    	
 455 	2469.920000	 0.001000 	 4.305887 	68926.440000	   nan    	
 456 	2479.920000	 0.001000 	 4.161831 	68936.440000	   nan    	
 457 	2489.910000	 0.001000 	 4.157700 	68946.430000	   nan    	
 458 	2499.920000	 0.001000 	 4.129994 	68956.440000	   nan    	
 459 	2509.920000	 0.001000 	 4.179561 	68966.440000	   nan    	
 460 	2519.910000	 0.001000 	 4.280204 	68976.430000	   nan    	
 461 	2529.910000	 0.001000 	 4.286893 	68986.430000	   nan    	
 462 	2539.910000	 0.001000 	 4.208126 	68996.430000	   nan    	
 463 	2549.920000	 0.001000 	 4.230797 	69006.440000	   nan    	
 464 	2559.910000	 0.001000 	 4.152711 	69016.430000	   nan    	
 465 	2569.910000	 0.001000 	 4.136535 	69026.430000	   nan    	
 466 	2579.900000	 0.001000 	 4.128265 	69036.420000	   nan    	
 467 	2589.900000	 0.001000 	 4.144253 	69046.420000	   nan    	
 468 	2599.900000	 0.001000 	 4.151331 	69056.420000	   nan    	
 469 	2609.900000	 0.001000 	 4.189553 	69066.420000	   nan    	
 470 	2619.900000	 0.001000 	 4.279046 	69076.420000	   nan    	
 471 	2629.900000	 0.001000 	 4.243395 	69086.420000	   nan    	
 472 	2639.900000	 0.001000 	 4.204766 	69096.420000	   nan    	
 473 	2649.890000	 0.001000 	 4.191997 	69106.410000	   nan    	
 474 	2659.890000	 0.001000 	 4.211864 	69116.410000	   nan    	
 475 	2669.890000	 0.001000 	 4.214892 	69126.410000	   nan    	
 476 	2679.890000	 0.001000 	 4.235847 	69136.410000	   nan    	
 477 	2689.890000	 0.001000 	 4.237314 	69146.410000	   nan    	
 478 	2699.880000	 0.001000 	 4.257515 	69156.400000	   nan    	
 479 	2709.880000	 0.001000 	 4.294580 	69166.400000	   nan    	
 480 	2719.890000	 0.001000 	 4.320907 	69176.410000	   nan    	
 481 	2729.890000	 0.001000 	 4.233408 	69186.410000	   nan    	
 482 	2739.890000	 0.001000 	 4.209373 	69196.410000	   nan    	
 483 	2749.890000	 0.001000 	 4.197072 	69206.410000	   nan    	
 484 	2759.890000	 0.001000 	 4.186166 	69216.410000	   nan    	
 485 	2769.890000	 0.001000 	 4.187945 	69226.410000	   nan    	
 486 	2779.880000	 0.001000 	 4.159874 	69236.400000	   nan    	
 487 	2789.890000	 0.001000 	 4.267129 	69246.410000	   nan    	
 488 	2799.880000	 0.001000 	 4.318284 	69256.400000	   nan    	
 489 	2809.870000	 0.001000 	 4.308583 	69266.390000	   nan    	
 490 	2819.860000	 0.001000 	 4.304829 	69276.380000	   nan    	
 491 	2829.870000	 0.001000 	 4.381815 	69286.390000	   nan    	
 492 	2839.860000	 0.001000 	 4.292649 	69296.380000	   nan    	
 493 	2849.860000	 0.001000 	 4.451970 	69306.380000	   nan    	
 494 	2859.860000	 0.001000 	 4.358545 	69316.380000	   nan    	
 495 	2869.860000	 0.001000 	 4.415212 	69326.380000	   nan    	
 496 	2879.860000	 0.001000 	 4.402304 	69336.380000	   nan    	
 497 	2889.860000	 0.001000 	 4.436485 	69346.380000	   nan    	
 498 	2899.860000	 0.001000 	 4.369475 	69356.380000	   nan    	
 499 	2909.860000	 0.001000 	 4.420172 	69366.380000	   nan    	
 500 	2919.850000	 0.001000 	 4.433344 	69376.370000	   nan    	
 501 	2929.850000	 0.001000 	 4.395939 	69386.370000	   nan    	
 502 	2939.850000	 0.001000 	 4.403398 	69396.370000	   nan    	
 503 	2949.860000	 0.001000 	 4.349348 	69406.380000	   nan    	
 504 	2959.850000	 0.001000 	 4.279560 	69416.370000	   nan    	
 505 	2969.850000	 0.001000 	 4.304971 	69426.370000	   nan    	
 506 	2979.850000	 0.001000 	 4.232501 	69436.370000	   nan    	
 507 	2989.850000	 0.001000 	 4.121335 	69446.370000	   nan    	
 508 	2999.850000	 0.001000 	 4.145384 	69456.370000	   nan    	
 509 	3009.850000	 0.001000 	 4.180964 	69466.370000	   nan    	
 510 	3019.850000	 0.001000 	 4.247539 	69476.370000	   nan    	
 511 	3029.840000	 0.001000 	 4.174354 	69486.360000	   nan    	
 512 	3039.850000	 0.001000 	 4.160506 	69496.370000	   nan    	
 513 	3049.850000	 0.001000 	 4.171567 	69506.370000	   nan    	
 514 	3059.850000	 0.001000 	 4.200065 	69516.370000	   nan    	
 515 	3069.850000	 0.001000 	 4.209079 	69526.370000	   nan    	
 516 	3079.850000	 0.001000 	 4.257886 	69536.370000	   nan    	
 517 	3089.840000	 0.001000 	 4.033516 	69546.360000	   nan    	
 518 	3099.840000	 0.001000 	 4.033478 	69556.360000	   nan    	
 519 	3109.840000	 0.001000 	 4.033877 	69566.360000	   nan    	
 520 	3119.840000	 0.001000 	 4.034345 	69576.360000	   nan    	
 521 	3129.840000	 0.001000 	 4.034571 	69586.360000	   nan    	
 522 	3139.830000	 0.001000 	 4.035160 	69596.350000	   nan    	
 523 	3149.840000	 0.001000 	 4.035579 	69606.360000	   nan    	
 524 	3159.840000	 0.001000 	 4.072466 	69616.360000	   nan    	
 525 	3169.840000	 0.001000 	 4.295311 	69626.360000	   nan    	
 526 	3179.840000	 0.001000 	 4.271908 	69636.360000	   nan    	
 527 	3189.830000	 0.001000 	 4.315221 	69646.350000	   nan    	
 528 	3199.830000	 0.001000 	 4.285352 	69656.350000	   nan    	
 529 	3209.840000	 0.001000 	 4.273379 	69666.360000	   nan    	
 530 	3219.840000	 0.001000 	 4.311420 	69676.360000	   nan    	
 531 	3229.830000	 0.001000 	 4.362102 	69686.350000	   nan    	
 532 	3239.840000	 0.001000 	 4.360276 	69696.360000	   nan    	
 533 	3249.840000	 0.001000 	 4.290059 	69706.360000	   nan    	
 534 	3259.830000	 0.001000 	 4.330013 	69716.350000	   nan    	
 535 	3269.830000	 0.001000 	 4.331172 	69726.350000	   nan    	
 536 	3279.830000	 0.001000 	 4.266550 	69736.350000	   nan    	
 537 	3289.830000	 0.001000 	 4.355374 	69746.350000	   nan    	
 538 	3299.830000	 0.001000 	 4.308714 	69756.350000	   nan    	
 539 	3309.830000	 0.001000 	 4.215552 	69766.350000	   nan    	
 540 	3319.840000	 0.001000 	 4.261395 	69776.360000	   nan    	
 541 	3329.830000	 0.001000 	 4.264617 	69786.350000	   nan    	
 542 	3339.830000	 0.001000 	 4.123755 	69796.350000	   nan    	
 543 	3349.830000	 0.001000 	 4.093574 	69806.350000	   nan    	
 544 	3359.820000	 0.001000 	 4.082997 	69816.340000	   nan    	
 545 	3369.820000	 0.001000 	 4.088900 	69826.340000	   nan    	
 546 	3379.820000	 0.001000 	 4.074951 	69836.340000	   nan    	
 547 	3389.820000	 0.001000 	 4.092198 	69846.340000	   nan    	
 548 	3399.820000	 0.001000 	 4.072922 	69856.340000	   nan    	
 549 	3409.820000	 0.001000 	 4.094818 	69866.340000	   nan    	
 550 	3419.810000	 0.001000 	 4.084974 	69876.330000	   nan    	
 551 	3429.800000	 0.001000 	 4.074758 	69886.320000	   nan    	
 552 	3439.810000	 0.001000 	 4.086201 	69896.330000	   nan    	
 553 	3449.800000	 0.001000 	 4.100356 	69906.320000	   nan    	
 554 	3459.800000	 0.001000 	 4.090225 	69916.320000	   nan    	
 555 	3469.800000	 0.001000 	 4.089209 	69926.320000	   nan    	
 556 	3479.800000	 0.001000 	 4.086838 	69936.320000	   nan    	
 557 	3489.800000	 0.001000 	 4.074320 	69946.320000	   nan    	
 558 	3499.790000	 0.001000 	 4.069381 	69956.310000	   nan    	
 559 	3509.790000	 0.001000 	 4.069621 	69966.310000	   nan    	
 560 	3519.790000	 0.001000 	 4.067407 	69976.310000	   nan    	
 561 	3529.780000	 0.001000 	 4.063706 	69986.300000	   nan    	
 562 	3539.780000	 0.001000 	 4.062908 	69996.300000	   nan    	
 563 	3549.780000	 0.001000 	 4.205801 	70006.300000	   nan    	
 564 	3559.780000	 0.001000 	 4.326296 	70016.300000	   nan    	
 565 	3569.780000	 0.001000 	 4.116651 	70026.300000	   nan    	
 566 	3579.780000	 0.001000 	 4.316972 	70036.300000	   nan    	
 567 	3589.780000	 0.001000 	 4.334370 	70046.300000	   nan    	
 568 	3599.780000	 0.001000 	 4.299783 	70056.300000	   nan    	
 569 	3609.780000	 0.001000 	 4.320658 	70066.300000	   nan    	
 570 	3669.790000	 0.001000 	 4.542388 	70126.310000	   nan    	
 571 	3729.790000	 0.001000 	 4.019050 	70186.310000	   nan    	
 572 	3789.790000	 0.001000 	 4.053975 	70246.310000	   nan    	
 573 	3849.790000	 0.001000 	 4.146916 	70306.310000	   nan    	
 574 	3909.790000	 0.001000 	 4.169070 	70366.310000	   nan    	
 575 	3969.780000	 0.001000 	 4.226264 	70426.300000	   nan    	
 576 	4029.790000	 0.001000 	 4.395544 	70486.310000	   nan    	
 577 	4089.790000	 0.001000 	 4.442312 	70546.310000	   nan    	
 578 	4149.790000	 0.001000 	 4.504434 	70606.310000	   nan    	
 579 	4209.800000	 0.001000 	 4.377110 	70666.320000	   nan    	
 580 	4269.790000	 0.001000 	 4.461072 	70726.310000	   nan    	
 581 	4329.780000	 0.001000 	 4.589592 	70786.300000	   nan    	
 582 	4389.790000	 0.001000 	 4.589855 	70846.310000	   nan    	
 583 	4449.780000	 0.001000 	 4.476223 	70906.300000	   nan    	
 584 	4509.780000	 0.001000 	 4.448356 	70966.300000	   nan    	
 585 	4569.780000	 0.001000 	 4.446951 	71026.300000	   nan    	
 586 	4629.780000	 0.001000 	 4.556225 	71086.300000	   nan    	
 587 	4689.780000	 0.001000 	 4.530277 	71146.300000	   nan    	
 588 	4749.780000	 0.001000 	 4.276237 	71206.300000	   nan    	
 589 	4809.780000	 0.001000 	 4.251349 	71266.300000	   nan    	
 590 	4869.780000	 0.001000 	 4.015709 	71326.300000	   nan    	
 591 	4929.780000	 0.001000 	 4.079643 	71386.300000	   nan    	
 592 	4989.780000	 0.001000 	 4.146378 	71446.300000	   nan    	
 593 	5049.780000	 0.001000 	 4.087433 	71506.300000	   nan    	
 594 	5109.780000	 0.001000 	 4.074931 	71566.300000	   nan    	
 595 	5169.780000	 0.001000 	 4.112650 	71626.300000	   nan    	
 596 	5229.780000	 0.001000 	 4.239501 	71686.300000	   nan    	
 597 	5289.780000	 0.001000 	 4.298894 	71746.300000	   nan    	
 598 	5349.780000	 0.001000 	 4.499738 	71806.300000	   nan    	
 599 	5409.780000	 0.001000 	 4.562348 	71866.300000	   nan    	
 600 	5469.780000	 0.001000 	 4.462409 	71926.300000	   nan    	
 601 	5529.780000	 0.001000 	 4.534090 	71986.300000	   nan    	
 602 	5589.780000	 0.001000 	 4.463048 	72046.300000	   nan    	
 603 	5649.780000	 0.001000 	 4.474825 	72106.300000	   nan    	
 604 	5709.780000	 0.001000 	 4.500644 	72166.300000	   nan    	
 605 	5769.770000	 0.001000 	 4.439516 	72226.290000	   nan    	
 606 	5829.770000	 0.001000 	 4.476045 	72286.290000	   nan    	
 607 	5889.770000	 0.001000 	 4.143627 	72346.290000	   nan    	
 608 	5949.770000	 0.001000 	 4.191186 	72406.290000	   nan    	
 609 	6009.770000	 0.001000 	 4.234775 	72466.290000	   nan    	
 610 	6069.770000	 0.001000 	 4.349163 	72526.290000	   nan    	
 611 	6129.770000	 0.001000 	 4.392777 	72586.290000	   nan    	
 612 	6189.780000	 0.001000 	 4.457025 	72646.300000	   nan    	
 613 	6249.770000	 0.001000 	 4.379092 	72706.290000	   nan    	
 614 	6309.770000	 0.001000 	 4.383840 	72766.290000	   nan    	
 615 	6369.780000	 0.001000 	 4.102875 	72826.300000	   nan    	
 616 	6429.780000	 0.001000 	 4.250638 	72886.300000	   nan    	
 617 	6489.770000	 0.001000 	 4.560875 	72946.290000	   nan    	
 618 	6549.780000	 0.001000 	 4.488724 	73006.300000	   nan    	
 619 	6609.780000	 0.001000 	 4.421233 	73066.300000	   nan    	
 620 	6669.770000	 0.001000 	 4.433904 	73126.290000	   nan    	
 621 	6729.770000	 0.001000 	 4.510784 	73186.290000	   nan    	
 622 	6789.760000	 0.001000 	 4.504537 	73246.280000	   nan    	
 623 	6849.760000	 0.001000 	 4.365927 	73306.280000	   nan    	
 624 	6909.760000	 0.001000 	 4.313858 	73366.280000	   nan    	
 625 	6969.760000	 0.001000 	 4.418156 	73426.280000	   nan    	
 626 	7029.760000	 0.001000 	 4.319473 	73486.280000	   nan    	
 627 	7089.750000	 0.001000 	 4.485344 	73546.270000	   nan    	
 628 	7149.760000	 0.001000 	 4.427223 	73606.280000	   nan    	
 629 	7209.760000	 0.001000 	 4.461912 	73666.280000	   nan    	
 630 	7269.760000	 0.001000 	 4.438870 	73726.280000	   nan    	
 631 	7329.760000	 0.001000 	 4.532777 	73786.280000	   nan    	
 632 	7389.750000	 0.001000 	 4.449044 	73846.270000	   nan    	
 633 	7449.760000	 0.001000 	 4.459863 	73906.280000	   nan    	
 634 	7509.750000	 0.001000 	 4.480894 	73966.270000	   nan    	
 635 	7569.760000	 0.001000 	 4.386413 	74026.280000	   nan    	
 636 	7629.750000	 0.001000 	 4.458717 	74086.270000	   nan    	
 637 	7689.750000	 0.001000 	 4.407676 	74146.270000	   nan    	
 638 	7749.760000	 0.001000 	 4.470502 	74206.280000	   nan    	
 639 	7809.750000	 0.001000 	 4.474674 	74266.270000	   nan    	
 640 	7869.750000	 0.001000 	 4.434622 	74326.270000	   nan    	
 641 	7929.750000	 0.001000 	 4.371554 	74386.270000	   nan    	
 642 	7989.750000	 0.001000 	 4.435456 	74446.270000	   nan    	
 643 	8049.750000	 0.001000 	 4.410853 	74506.270000	   nan    	
 644 	8109.750000	 0.001000 	 4.418586 	74566.270000	   nan    	
 645 	8169.750000	 0.001000 	 4.440433 	74626.270000	   nan    	
 646 	8229.750000	 0.001000 	 4.394633 	74686.270000	   nan    	
 647 	8289.750000	 0.001000 	 4.408339 	74746.270000	   nan    	
 648 	8349.750000	 0.001000 	 4.445170 	74806.270000	   nan    	
 649 	8409.750000	 0.001000 	 4.481308 	74866.270000	   nan    	
 650 	8469.750000	 0.001000 	 4.473524 	74926.270000	   nan    	
 651 	8529.750000	 0.001000 	 4.467021 	74986.270000	   nan    	
 652 	8589.750000	 0.001000 	 4.473783 	75046.270000	   nan    	
 653 	8649.750000	 0.001000 	 4.427454 	75106.270000	   nan    	
 654 	8709.750000	 0.001000 	 4.400193 	75166.270000	   nan    	
 655 	8769.750000	 0.001000 	 4.408111 	75226.270000	   nan    	
 656 	8829.750000	 0.001000 	 4.430884 	75286.270000	   nan    	
 657 	8889.750000	 0.001000 	 4.436930 	75346.270000	   nan    	
 658 	8949.750000	 0.001000 	 4.463978 	75406.270000	   nan    	
 659 	9009.750000	 0.001000 	 4.434148 	75466.270000	   nan    	
 660 	9069.750000	 0.001000 	 4.485518 	75526.270000	   nan    	
 661 	9129.750000	 0.001000 	 4.495970 	75586.270000	   nan    	
 662 	9189.750000	 0.001000 	 4.472252 	75646.270000	   nan    	
 663 	9249.750000	 0.001000 	 4.494893 	75706.270000	   nan    	
 664 	9309.740000	 0.001000 	 4.447672 	75766.260000	   nan    	
 665 	9369.740000	 0.001000 	 4.432140 	75826.260000	   nan    	
 666 	9429.740000	 0.001000 	 4.444166 	75886.260000	   nan    	
 667 	9489.730000	 0.001000 	 4.506008 	75946.250000	   nan    	
 668 	9549.740000	 0.001000 	 4.472548 	76006.260000	   nan    	
 669 	9609.730000	 0.001000 	 4.439398 	76066.250000	   nan    	
 670 	9669.730000	 0.001000 	 4.454285 	76126.250000	   nan    	
 671 	9729.730000	 0.001000 	 4.392846 	76186.250000	   nan    	
 672 	9789.720000	 0.001000 	 4.486084 	76246.240000	   nan    	
 673 	9849.730000	 0.001000 	 4.495435 	76306.250000	   nan    	
 674 	9909.720000	 0.001000 	 4.487351 	76366.240000	   nan    	
 675 	9969.720000	 0.001000 	 4.467415 	76426.240000	   nan    	
 676 	10029.720000	 0.001000 	 4.368005 	76486.240000	   nan    	
 677 	10089.720000	 0.001000 	 4.485047 	76546.240000	   nan    	
 678 	10149.720000	 0.001000 	 4.483591 	76606.240000	   nan    	
 679 	10209.720000	 0.001000 	 4.486627 	76666.240000	   nan    	
 680 	10269.710000	 0.001000 	 4.524739 	76726.230000	   nan    	
 681 	10329.710000	 0.001000 	 4.543731 	76786.230000	   nan    	
 682 	10389.710000	 0.001000 	 4.321452 	76846.230000	   nan    	
 683 	10449.710000	 0.001000 	 4.410425 	76906.230000	   nan    	
 684 	10509.710000	 0.001000 	 4.385047 	76966.230000	   nan    	
 685 	10569.720000	 0.001000 	 4.385237 	77026.240000	   nan    	
 686 	10629.720000	 0.001000 	 4.512760 	77086.240000	   nan    	
 687 	10689.710000	 0.001000 	 4.427380 	77146.230000	   nan    	
