# Step 	    Time    	  Current   	  Voltage   	Absolute time	Temperature 	
#   i  	     s      	     A      	     V      	     s      	     C      	
2020-07-03T11:51:15.062190
  0  	 0.000000 	 0.001000 	13.190210 	133.295898	-246.850000	
  1  	 0.231400 	 0.001000 	 9.818531 	133.527298	-246.850000	
  2  	 0.478500 	 0.001000 	 8.944595 	133.774399	-246.850000	
  3  	 0.724594 	 0.001000 	 8.465236 	134.020493	-246.850000	
  4  	 0.972702 	 0.001000 	 8.139188 	134.268600	-246.850000	
  5  	 1.223602 	 0.001000 	 7.894336 	134.519501	-246.850000	
  6  	 1.469696 	 0.001000 	 7.704689 	134.765594	-246.850000	
  7  	 1.716797 	 0.001000 	 7.548751 	135.012695	-246.850000	
  8  	 1.963898 	 0.001000 	 7.416628 	135.259796	-246.850000	
  9  	 2.210007 	 0.001000 	 7.303457 	135.505905	-246.850000	
 10  	 2.455109 	 0.001000 	 7.204626 	135.751007	-246.850000	
 11  	 2.702103 	 0.001000 	 7.116455 	135.998001	-246.850000	
 12  	 2.948196 	 0.001000 	 7.037406 	136.244095	-246.850000	
 13  	 3.197296 	 0.001000 	 6.965222 	136.493195	-246.850000	
 14  	 3.444305 	 0.001000 	 6.899986 	136.740204	-246.850000	
 15  	 3.690399 	 0.001000 	 6.840230 	136.986298	-246.850000	
 16  	 3.937500 	 0.001000 	 6.785005 	137.233398	-246.850000	
 17  	 4.181595 	 0.001000 	 6.734262 	137.477493	-246.850000	
 18  	 4.428696 	 0.001000 	 6.686453 	137.724594	-246.850000	
 19  	 4.676804 	 0.001000 	 6.641722 	137.972702	-246.850000	
 20  	 4.923798 	 0.001000 	 6.599916 	138.219696	-246.850000	
 21  	 5.168900 	 0.001000 	 6.560938 	138.464798	-246.850000	
 22  	 5.422897 	 0.001000 	 6.523048 	138.718796	-246.850000	
 23  	 5.676804 	 0.001000 	 6.487063 	138.972702	-246.850000	
 24  	 5.928696 	 0.001000 	 6.453205 	139.224594	-246.850000	
 25  	 6.176804 	 0.001000 	 6.421604 	139.472702	-246.850000	
 26  	 6.427704 	 0.001000 	 6.391155 	139.723602	-246.850000	
 27  	 6.681595 	 0.001000 	 6.361892 	139.977493	-246.850000	
 28  	 6.934601 	 0.001000 	 6.334095 	140.230499	-246.850000	
 29  	 7.181595 	 0.001000 	 6.308104 	140.477493	-246.850000	
 30  	 7.430695 	 0.001000 	 6.282897 	140.726593	-246.850000	
 31  	 7.681595 	 0.001000 	 6.258644 	140.977493	-246.850000	
 32  	 7.934601 	 0.001000 	 6.235164 	141.230499	-246.850000	
 33  	 8.182602 	 0.001000 	 6.212820 	141.478500	-246.850000	
 34  	 8.434601 	 0.001000 	 6.191110 	141.730499	-246.850000	
 35  	 8.687500 	 0.001000 	 6.170175 	141.983398	-246.850000	
 36  	 8.937500 	 0.001000 	 6.150094 	142.233398	-246.850000	
 37  	 9.183609 	 0.001000 	 6.131046 	142.479507	-246.850000	
 38  	 9.439499 	 0.001000 	 6.111896 	142.735397	-246.850000	
 39  	 9.686508 	 0.001000 	 6.093963 	142.982407	-246.850000	
 40  	 9.932602 	 0.001000 	 6.076724 	143.228500	-246.850000	
 41  	10.176804 	 0.001000 	 6.059979 	143.472702	-246.850000	
 42  	10.681595 	 0.001000 	 6.027429 	143.977493	-246.850000	
 43  	11.182602 	 0.001000 	 5.996902 	144.478500	-246.850000	
 44  	11.679703 	 0.001000 	 5.968272 	144.975601	-246.850000	
 45  	12.178696 	 0.001000 	 5.940831 	145.474594	-246.850000	
 46  	12.680695 	 0.001000 	 5.914521 	145.976593	-246.850000	
 47  	13.175797 	 0.001000 	 5.889859 	146.471695	-246.850000	
 48  	13.671906 	 0.001000 	 5.866277 	146.967804	-246.850000	
 49  	14.168900 	 0.001000 	 5.843604 	147.464798	-246.850000	
 50  	14.663101 	 0.001000 	 5.822018 	147.959000	-246.850000	
 51  	15.164108 	 0.001000 	 5.801245 	148.460007	-246.850000	
 52  	15.658203 	 0.001000 	 5.781626 	148.954102	-246.850000	
 53  	16.161102 	 0.001000 	 5.762335 	149.457001	-246.850000	
 54  	16.661102 	 0.001000 	 5.743932 	149.957001	-246.850000	
 55  	17.155304 	 0.001000 	 5.726242 	150.451202	-246.850000	
 56  	17.658203 	 0.001000 	 5.708910 	150.954102	-246.850000	
 57  	18.152298 	 0.001000 	 5.692469 	151.448196	-246.850000	
 58  	18.653305 	 0.001000 	 5.676286 	151.949203	-246.850000	
 59  	19.152298 	 0.001000 	 5.660718 	152.448196	-246.850000	
 60  	19.652298 	 0.001000 	 5.645775 	152.948196	-246.850000	
 61  	20.151398 	 0.001000 	 5.631500 	153.447296	-246.850000	
 62  	20.651398 	 0.001000 	 5.617505 	153.947296	-246.850000	
 63  	21.148407 	 0.001000 	 5.603911 	154.444305	-246.850000	
 64  	21.643600 	 0.001000 	 5.590644 	154.939499	-246.850000	
 65  	22.144501 	 0.001000 	 5.577724 	155.440399	-246.850000	
 66  	22.641602 	 0.001000 	 5.564881 	155.937500	-246.850000	
 67  	23.141602 	 0.001000 	 5.552391 	156.437500	-246.850000	
 68  	23.635696 	 0.001000 	 5.540628 	156.931595	-246.850000	
 69  	24.134796 	 0.001000 	 5.528924 	157.430695	-246.850000	
 70  	24.630905 	 0.001000 	 5.517422 	157.926804	-246.850000	
 71  	25.128906 	 0.001000 	 5.506229 	158.424805	-246.850000	
 72  	25.629898 	 0.001000 	 5.495418 	158.925797	-246.850000	
 73  	26.127899 	 0.001000 	 5.485154 	159.423798	-246.850000	
 74  	26.627899 	 0.001000 	 5.475095 	159.923798	-246.850000	
 75  	27.126007 	 0.001000 	 5.465249 	160.421906	-246.850000	
 76  	27.623001 	 0.001000 	 5.455540 	160.918900	-246.850000	
 77  	28.121109 	 0.001000 	 5.446118 	161.417007	-246.850000	
 78  	28.617203 	 0.001000 	 5.436855 	161.913101	-246.850000	
 79  	29.112305 	 0.001000 	 5.427951 	162.408203	-246.850000	
 80  	29.608398 	 0.001000 	 5.419118 	162.904297	-246.850000	
 81  	30.111298 	 0.001000 	 5.410297 	163.407196	-246.850000	
 82  	30.615204 	 0.001000 	 5.401695 	163.911102	-246.850000	
 83  	31.117203 	 0.001000 	 5.393290 	164.413101	-246.850000	
 84  	31.612305 	 0.001000 	 5.385158 	164.908203	-246.850000	
 85  	32.112305 	 0.001000 	 5.377139 	165.408203	-246.850000	
 86  	32.610397 	 0.001000 	 5.369302 	165.906296	-246.850000	
 87  	33.107407 	 0.001000 	 5.361625 	166.403305	-246.850000	
 88  	33.610306 	 0.001000 	 5.354080 	166.906204	-246.850000	
 89  	34.113297 	 0.001000 	 5.346701 	167.409195	-246.850000	
 90  	34.617203 	 0.001000 	 5.339419 	167.913101	-246.850000	
 91  	35.117203 	 0.001000 	 5.332216 	168.413101	-246.850000	
 92  	35.616196 	 0.001000 	 5.325264 	168.912094	-246.850000	
 93  	36.111298 	 0.001000 	 5.318664 	169.407196	-246.850000	
 94  	36.608398 	 0.001000 	 5.312087 	169.904297	-246.850000	
 95  	37.105499 	 0.001000 	 5.305660 	170.401398	-246.850000	
 96  	37.603500 	 0.001000 	 5.299280 	170.899399	-246.850000	
 97  	38.103500 	 0.001000 	 5.292946 	171.399399	-246.850000	
 98  	38.605499 	 0.001000 	 5.286764 	171.901398	-246.850000	
 99  	39.105499 	 0.001000 	 5.280583 	172.401398	-246.850000	
 100 	39.600601 	 0.001000 	 5.274543 	172.896500	-246.850000	
 101 	40.097702 	 0.001000 	 5.268478 	173.393600	-246.850000	
 102 	40.591797 	 0.001000 	 5.262468 	173.887695	-246.850000	
 103 	41.086899 	 0.001000 	 5.256560 	174.382797	-246.850000	
 104 	41.584000 	 0.001000 	 5.250669 	174.879898	-246.850000	
 105 	42.080109 	 0.001000 	 5.244870 	175.376007	-246.850000	
 106 	42.577103 	 0.001000 	 5.239163 	175.873001	-246.850000	
 107 	43.072296 	 0.001000 	 5.233676 	176.368195	-246.850000	
 108 	43.566406 	 0.001000 	 5.228345 	176.862305	-246.850000	
 109 	44.072296 	 0.001000 	 5.222995 	177.368195	-246.850000	
 110 	44.568405 	 0.001000 	 5.217917 	177.864304	-246.850000	
 111 	45.065399 	 0.001000 	 5.212924 	178.361298	-246.850000	
 112 	45.564499 	 0.001000 	 5.207921 	178.860397	-246.850000	
 113 	46.064499 	 0.001000 	 5.202877 	179.360397	-246.850000	
 114 	46.568405 	 0.001000 	 5.197915 	179.864304	-246.850000	
 115 	47.067398 	 0.001000 	 5.193085 	180.363297	-246.850000	
 116 	47.567398 	 0.001000 	 5.188321 	180.863297	-246.850000	
 117 	48.070297 	 0.001000 	 5.183578 	181.366196	-246.850000	
 118 	48.565399 	 0.001000 	 5.178900 	181.861298	-246.850000	
 119 	49.067398 	 0.001000 	 5.174248 	182.363297	-246.850000	
 120 	49.561508 	 0.001000 	 5.169834 	182.857407	-246.850000	
 121 	50.055695 	 0.001000 	 5.165447 	183.351593	-246.850000	
 122 	50.552704 	 0.001000 	 5.161073 	183.848602	-246.850000	
 123 	51.048798 	 0.001000 	 5.156809 	184.344696	-246.850000	
 124 	51.551804 	 0.001000 	 5.152641 	184.847702	-246.850000	
 125 	52.051804 	 0.001000 	 5.148448 	185.347702	-246.850000	
 126 	52.549805 	 0.001000 	 5.144086 	185.845703	-246.850000	
 127 	53.045898 	 0.001000 	 5.139734 	186.341797	-246.850000	
 128 	53.541000 	 0.001000 	 5.135478 	186.836899	-246.850000	
 129 	54.042007 	 0.001000 	 5.131367 	187.337906	-246.850000	
 130 	54.539108 	 0.001000 	 5.127292 	187.835007	-246.850000	
 131 	55.038101 	 0.001000 	 5.123288 	188.334000	-246.850000	
 132 	55.539108 	 0.001000 	 5.119387 	188.835007	-246.850000	
 133 	56.035202 	 0.001000 	 5.115461 	189.331100	-246.850000	
 134 	56.535202 	 0.001000 	 5.111557 	189.831100	-246.850000	
 135 	57.032196 	 0.001000 	 5.107786 	190.328094	-246.850000	
 136 	57.532196 	 0.001000 	 5.104048 	190.828094	-246.850000	
 137 	58.032196 	 0.001000 	 5.100332 	191.328094	-246.850000	
 138 	58.534195 	 0.001000 	 5.096686 	191.830093	-246.850000	
 139 	59.033203 	 0.001000 	 5.092978 	192.329102	-246.850000	
 140 	59.528305 	 0.001000 	 5.089342 	192.824203	-246.850000	
 141 	60.025406 	 0.001000 	 5.085737 	193.321304	-246.850000	
 142 	61.023407 	 0.001000 	 5.078674 	194.319305	-246.850000	
 143 	62.017609 	 0.001000 	 5.071537 	195.313507	-246.850000	
 144 	63.017609 	 0.001000 	 5.064721 	196.313507	-246.850000	
 145 	64.018600 	 0.001000 	 5.058105 	197.314499	-246.850000	
 146 	65.012695 	 0.001000 	 5.051428 	198.308594	-246.850000	
 147 	66.015594 	 0.001000 	 5.044891 	199.311493	-246.850000	
 148 	67.010696 	 0.001000 	 5.038691 	200.306595	-246.850000	
 149 	68.013702 	 0.001000 	 5.032411 	201.309601	-246.850000	
 150 	69.015594 	 0.001000 	 5.026148 	202.311493	-246.850000	
 151 	70.010696 	 0.001000 	 5.020068 	203.306595	-246.850000	
 152 	71.005905 	 0.001000 	 5.014249 	204.301804	-246.850000	
 153 	72.001999 	 0.001000 	 5.008411 	205.297897	-246.850000	
 154 	72.999008 	 0.001000 	 5.002357 	206.294907	-246.850000	
 155 	73.999008 	 0.001000 	 4.996779 	207.294907	-246.850000	
 156 	74.999008 	 0.001000 	 4.991205 	208.294907	-246.850000	
 157 	75.999008 	 0.001000 	 4.986039 	209.294907	-246.850000	
 158 	77.000000 	 0.001000 	 4.981039 	210.295898	-246.850000	
 159 	78.003906 	 0.001000 	 4.976016 	211.299805	-246.850000	
 160 	79.006805 	 0.001000 	 4.970939 	212.302704	-246.850000	
 161 	80.006805 	 0.001000 	 4.966040 	213.302704	-246.850000	
 162 	81.006805 	 0.001000 	 4.961481 	214.302704	-246.850000	
 163 	82.006805 	 0.001000 	 4.956802 	215.302704	-246.850000	
 164 	83.008804 	 0.001000 	 4.952143 	216.304703	-246.850000	
 165 	84.009796 	 0.001000 	 4.947493 	217.305695	-246.850000	
 166 	85.011703 	 0.001000 	 4.942726 	218.307602	-246.850000	
 167 	86.014603 	 0.001000 	 4.938231 	219.310501	-246.850000	
 168 	87.017609 	 0.001000 	 4.934075 	220.313507	-246.850000	
 169 	88.014603 	 0.001000 	 4.929892 	221.310501	-246.850000	
 170 	89.009796 	 0.001000 	 4.925419 	222.305695	-246.850000	
 171 	90.013702 	 0.001000 	 4.921079 	223.309601	-246.850000	
 172 	91.019501 	 0.001000 	 4.917058 	224.315399	-246.850000	
 173 	92.016602 	 0.001000 	 4.913185 	225.312500	-246.850000	
 174 	93.014603 	 0.001000 	 4.909633 	226.310501	-246.850000	
 175 	94.015594 	 0.001000 	 4.906057 	227.311493	-246.850000	
 176 	95.016602 	 0.001000 	 4.902401 	228.312500	-246.850000	
 177 	96.010696 	 0.001000 	 4.898691 	229.306595	-246.850000	
 178 	97.006805 	 0.001000 	 4.895258 	230.302704	-246.850000	
 179 	98.009796 	 0.001000 	 4.891706 	231.305695	-246.850000	
 180 	99.013702 	 0.001000 	 4.888144 	232.309601	-246.850000	
 181 	100.015594	 0.001000 	 4.884616 	233.311493	-246.850000	
 182 	101.015594	 0.001000 	 4.881295 	234.311493	-246.850000	
 183 	102.012695	 0.001000 	 4.878154 	235.308594	-246.850000	
 184 	103.015594	 0.001000 	 4.874891 	236.311493	-246.850000	
 185 	104.012695	 0.001000 	 4.871615 	237.308594	-246.850000	
 186 	105.010696	 0.001000 	 4.868415 	238.306595	-246.850000	
 187 	106.008804	 0.001000 	 4.865185 	239.304703	-246.850000	
 188 	107.007797	 0.001000 	 4.862049 	240.303696	-246.850000	
 189 	108.007797	 0.001000 	 4.858417 	241.303696	-246.850000	
 190 	109.012695	 0.001000 	 4.854858 	242.308594	-246.850000	
 191 	110.011703	 0.001000 	 4.851611 	243.307602	-246.850000	
 192 	111.011703	 0.001000 	 4.848464 	244.307602	-246.850000	
 193 	112.006805	 0.001000 	 4.845529 	245.302704	-246.850000	
 194 	113.010696	 0.001000 	 4.842575 	246.306595	-246.850000	
 195 	114.012695	 0.001000 	 4.839813 	247.308594	-246.850000	
 196 	115.012695	 0.001000 	 4.836839 	248.308594	-246.850000	
 197 	116.013702	 0.001000 	 4.833906 	249.309601	-246.850000	
 198 	117.015594	 0.001000 	 4.831059 	250.311493	-246.850000	
 199 	118.010696	 0.001000 	 4.828409 	251.306595	-246.850000	
 200 	119.012695	 0.001000 	 4.825640 	252.308594	-246.850000	
 201 	120.016602	 0.001000 	 4.822838 	253.312500	-246.850000	
 202 	125.013702	 0.001000 	 4.809698 	258.309601	-246.850000	
 203 	130.014587	 0.001000 	 4.796135 	263.310486	-246.850000	
 204 	135.009796	 0.001000 	 4.783131 	268.305695	-246.850000	
 205 	140.016602	 0.001000 	 4.771979 	273.312500	-246.850000	
 206 	145.009796	 0.001000 	 4.761046 	278.305695	-246.850000	
 207 	150.007812	 0.001000 	 4.751383 	283.303711	-246.850000	
 208 	155.003906	 0.001000 	 4.741943 	288.299805	-246.850000	
 209 	160.002899	 0.001000 	 4.732306 	293.298798	-246.850000	
 210 	164.997101	 0.001000 	 4.724896 	298.292999	-246.850000	
 211 	169.994110	 0.001000 	 4.717243 	303.290009	-246.850000	
 212 	174.998016	 0.001000 	 4.709579 	308.293915	-246.850000	
 213 	179.998993	 0.001000 	 4.701752 	313.294891	-246.850000	
 214 	184.993195	 0.001000 	 4.694520 	318.289093	-246.850000	
 215 	189.994110	 0.001000 	 4.674675 	323.290009	-246.850000	
 216 	194.994110	 0.001000 	 4.667303 	328.290009	-246.850000	
 217 	199.990204	 0.001000 	 4.660656 	333.286102	-246.850000	
 218 	204.985413	 0.001000 	 4.653778 	338.281311	-246.850000	
 219 	209.982391	 0.001000 	 4.647374 	343.278290	-246.850000	
 220 	214.982391	 0.001000 	 4.641243 	348.278290	-246.850000	
 221 	219.981415	 0.001000 	 4.635671 	353.277313	-246.850000	
 222 	224.977509	 0.001000 	 4.629796 	358.273407	-246.850000	
 223 	229.972687	 0.001000 	 4.624046 	363.268585	-246.850000	
 224 	234.977509	 0.001000 	 4.619728 	368.273407	-246.850000	
 225 	239.980499	 0.001000 	 4.615496 	373.276398	-246.850000	
 226 	244.973602	 0.001000 	 4.611028 	378.269501	-246.850000	
 227 	249.971710	 0.001000 	 4.606520 	383.267609	-246.850000	
 228 	254.973602	 0.001000 	 4.604276 	388.269501	-246.850000	
 229 	259.974609	 0.001000 	 4.600390 	393.270508	-246.850000	
 230 	264.977509	 0.001000 	 4.595780 	398.273407	-246.850000	
 231 	269.980499	 0.001000 	 4.594571 	403.276398	-246.850000	
 232 	274.979492	 0.001000 	 4.588914 	408.275391	-246.850000	
 233 	279.982391	 0.001000 	 4.584026 	413.278290	-246.850000	
 234 	284.977509	 0.001000 	 4.580032 	418.273407	-246.850000	
 235 	289.981415	 0.001000 	 4.590066 	423.277313	-246.850000	
 236 	294.977509	 0.001000 	 4.588948 	428.273407	-246.850000	
 237 	299.978516	 0.001000 	 4.577456 	433.274414	-246.850000	
 238 	304.978516	 0.001000 	 4.573726 	438.274414	-246.850000	
 239 	314.974609	 0.001000 	 4.562481 	448.270508	-246.850000	
 240 	324.978516	 0.001000 	 4.556449 	458.274414	-246.850000	
 241 	334.982391	 0.001000 	 4.549387 	468.278290	-246.850000	
 242 	344.987305	 0.001000 	 4.535563 	478.283203	-246.850000	
 243 	354.984406	 0.001000 	 4.530598 	488.280304	-246.850000	
 244 	364.985291	 0.001000 	 4.528728 	498.281189	-246.850000	
 245 	374.982391	 0.001000 	 4.521383 	508.278290	-246.850000	
 246 	384.985413	 0.001000 	 4.519142 	518.281311	-246.850000	
 247 	394.990173	 0.001000 	 4.509521 	528.286072	-246.850000	
 248 	404.985413	 0.001000 	 4.508489 	538.281311	-246.850000	
 249 	414.988281	 0.001000 	 4.505059 	548.284180	-246.850000	
 250 	424.987305	 0.001000 	 4.499251 	558.283203	-246.850000	
 251 	434.982422	 0.001000 	 4.496874 	568.278320	-246.850000	
 252 	444.987305	 0.001000 	 4.492878 	578.283203	-246.850000	
 253 	454.981384	 0.001000 	 4.490542 	588.277283	-246.850000	
 254 	464.975586	 0.001000 	 4.489475 	598.271484	-246.850000	
 255 	474.977478	 0.001000 	 4.488136 	608.273376	-246.850000	
 256 	484.973572	 0.001000 	 4.485157 	618.269470	-246.850000	
 257 	494.973572	 0.001000 	 4.481460 	628.269470	-246.850000	
 258 	504.969727	 0.001000 	 4.477081 	638.265625	-246.850000	
 259 	514.971680	 0.001000 	 4.475139 	648.267578	-246.850000	
 260 	524.975586	 0.001000 	 4.472719 	658.271484	-246.850000	
 261 	534.972717	 0.001000 	 4.467189 	668.268616	-246.850000	
 262 	544.971680	 0.001000 	 4.461916 	678.267578	-246.850000	
 263 	554.967773	 0.001000 	 4.460040 	688.263672	-246.850000	
 264 	564.970703	 0.001000 	 4.457088 	698.266602	-246.850000	
 265 	574.975586	 0.001000 	 4.455487 	708.271484	-246.850000	
 266 	584.972717	 0.001000 	 4.454723 	718.268616	-246.850000	
 267 	594.968689	 0.001000 	 4.454228 	728.264587	-246.850000	
 268 	604.963928	 0.001000 	 4.455801 	738.259827	-246.850000	
 269 	614.960022	 0.001000 	 4.456156 	748.255920	-246.850000	
 270 	624.957031	 0.001000 	 4.455122 	758.252930	-246.850000	
 271 	634.960022	 0.001000 	 4.450778 	768.255920	-246.850000	
 272 	644.960876	 0.001000 	 4.448064 	778.256775	-246.850000	
 273 	654.958984	 0.001000 	 4.443949 	788.254883	-246.850000	
 274 	664.957031	 0.001000 	 4.443513 	798.252930	-246.850000	
 275 	674.958984	 0.001000 	 4.441523 	808.254883	-246.850000	
 276 	684.961914	 0.001000 	 4.438053 	818.257812	-246.850000	
 277 	694.962891	 0.001000 	 4.435283 	828.258789	-246.850000	
 278 	704.958984	 0.001000 	 4.440830 	838.254883	-246.850000	
 279 	714.957031	 0.001000 	 4.449265 	848.252930	-246.850000	
 280 	724.961914	 0.001000 	 4.440495 	858.257812	-246.850000	
 281 	734.956116	 0.001000 	 4.441566 	868.252014	-246.850000	
 282 	744.956116	 0.001000 	 4.445583 	878.252014	-246.850000	
 283 	754.950195	 0.001000 	 4.443550 	888.246094	-246.850000	
 284 	764.945312	 0.001000 	 4.435800 	898.241211	-246.850000	
 285 	774.944275	 0.001000 	 4.435177 	908.240173	-246.850000	
 286 	784.944275	 0.001000 	 4.434530 	918.240173	-246.850000	
 287 	794.948181	 0.001000 	 4.432133 	928.244080	-246.850000	
 288 	804.951172	 0.001000 	 4.434821 	938.247070	-246.850000	
 289 	814.946289	 0.001000 	 4.428613 	948.242188	-246.850000	
 290 	824.944275	 0.001000 	 4.426023 	958.240173	-246.850000	
 291 	834.944275	 0.001000 	 4.425261 	968.240173	-246.850000	
 292 	844.943420	 0.001000 	 4.423532 	978.239319	-246.850000	
 293 	854.945312	 0.001000 	 4.419422 	988.241211	-246.850000	
 294 	864.946289	 0.001000 	 4.428064 	998.242188	-246.850000	
 295 	874.948120	 0.001000 	 4.427711 	1008.244019	-246.850000	
 296 	884.952087	 0.001000 	 4.428160 	1018.247986	-246.850000	
 297 	894.954102	 0.001000 	 4.431373 	1028.250000	-246.850000	
 298 	904.953125	 0.001000 	 4.432584 	1038.249023	-246.850000	
 299 	914.966064	 0.001000 	 4.431295 	1048.261963	-246.850000	
 300 	924.975098	 0.001000 	 4.430100 	1058.270996	-246.850000	
 301 	934.974121	 0.001000 	 4.424268 	1068.270020	-246.850000	
 302 	944.972046	 0.001000 	 4.419718 	1078.267944	-246.850000	
 303 	954.972046	 0.001000 	 4.417141 	1088.267944	-246.850000	
 304 	964.975098	 0.001000 	 4.416530 	1098.270996	-246.850000	
 305 	974.982056	 0.001000 	 4.416173 	1108.277954	-246.850000	
 306 	984.986084	 0.001000 	 4.415738 	1118.281982	-246.850000	
 307 	994.990112	 0.001000 	 4.417456 	1128.286011	-246.850000	
 308 	1004.999146	 0.001000 	 4.419473 	1138.295044	-246.850000	
 309 	1015.003052	 0.001000 	 4.419975 	1148.298950	-246.850000	
 310 	1025.001099	 0.001000 	 4.420819 	1158.296997	-246.850000	
 311 	1035.009155	 0.001000 	 4.417944 	1168.305054	-246.850000	
 312 	1045.016113	 0.001000 	 4.417263 	1178.312012	-246.850000	
 313 	1055.020142	 0.001000 	 4.417765 	1188.316040	-246.850000	
 314 	1065.021118	 0.001000 	 4.419551 	1198.317017	-246.850000	
 315 	1075.030151	 0.001000 	 4.405880 	1208.326050	-246.850000	
 316 	1085.036133	 0.001000 	 4.402019 	1218.332031	-246.850000	
 317 	1095.045044	 0.001000 	 4.397873 	1228.340942	-246.850000	
 318 	1105.050049	 0.001000 	 4.395229 	1238.345947	-246.850000	
 319 	1115.051147	 0.001000 	 4.393215 	1248.347046	-246.850000	
 320 	1125.057129	 0.001000 	 4.390108 	1258.353027	-246.850000	
 321 	1135.060059	 0.001000 	 4.389091 	1268.355957	-246.850000	
 322 	1145.059082	 0.001000 	 4.387364 	1278.354980	-246.850000	
 323 	1155.057129	 0.001000 	 4.383206 	1288.353027	-246.850000	
 324 	1165.060059	 0.001000 	 4.397397 	1298.355957	-246.850000	
 325 	1175.058105	 0.001000 	 4.383887 	1308.354004	-246.850000	
 326 	1185.057129	 0.001000 	 4.433468 	1318.353027	-246.850000	
 327 	1195.058105	 0.001000 	 4.422523 	1328.354004	-246.850000	
 328 	1205.053101	 0.001000 	 4.393352 	1338.348999	-246.850000	
 329 	1215.055054	 0.001000 	 4.395797 	1348.350952	-246.850000	
 330 	1225.056152	 0.001000 	 4.398263 	1358.352051	-246.850000	
 331 	1235.055054	 0.001000 	 4.395320 	1368.350952	-246.850000	
 332 	1245.057129	 0.001000 	 4.404180 	1378.353027	-246.850000	
 333 	1255.053101	 0.001000 	 4.388374 	1388.348999	-246.850000	
 334 	1265.052124	 0.001000 	 4.386331 	1398.348022	-246.850000	
 335 	1275.055054	 0.001000 	 4.384064 	1408.350952	-246.850000	
 336 	1285.058105	 0.001000 	 4.384279 	1418.354004	-246.850000	
 337 	1295.062134	 0.001000 	 4.392097 	1428.358032	-246.850000	
 338 	1305.068115	 0.001000 	 4.394293 	1438.364014	-246.850000	
 339 	1315.072144	 0.001000 	 4.393754 	1448.368042	-246.850000	
 340 	1325.074097	 0.001000 	 4.394237 	1458.369995	-246.850000	
 341 	1335.072144	 0.001000 	 4.396091 	1468.368042	-246.850000	
 342 	1345.073120	 0.001000 	 4.399127 	1478.369019	-246.850000	
 343 	1355.070068	 0.001000 	 4.401461 	1488.365967	-246.850000	
 344 	1365.066162	 0.001000 	 4.403924 	1498.362061	-246.850000	
 345 	1375.062134	 0.001000 	 4.403700 	1508.358032	-246.850000	
 346 	1385.064087	 0.001000 	 4.401293 	1518.359985	-246.850000	
 347 	1395.061157	 0.001000 	 4.400245 	1528.357056	-246.850000	
 348 	1405.059082	 0.001000 	 4.400048 	1538.354980	-246.850000	
 349 	1415.057129	 0.001000 	 4.399688 	1548.353027	-246.850000	
 350 	1425.060059	 0.001000 	 4.400813 	1558.355957	-246.850000	
 351 	1435.057129	 0.001000 	 4.401397 	1568.353027	-246.850000	
 352 	1445.060059	 0.001000 	 4.402580 	1578.355957	-246.850000	
 353 	1455.056152	 0.001000 	 4.404989 	1588.352051	-246.850000	
 354 	1465.051147	 0.001000 	 4.403869 	1598.347046	-246.850000	
 355 	1475.049072	 0.001000 	 4.403676 	1608.344971	-246.850000	
 356 	1485.051147	 0.001000 	 4.405691 	1618.347046	-246.850000	
 357 	1495.053101	 0.001000 	 4.407148 	1628.348999	-246.850000	
 358 	1505.053101	 0.001000 	 4.410157 	1638.348999	-246.850000	
 359 	1515.056152	 0.001000 	 4.397174 	1648.352051	-246.850000	
 360 	1525.059082	 0.001000 	 4.395446 	1658.354980	-246.850000	
 361 	1535.059082	 0.001000 	 4.392670 	1668.354980	-246.850000	
 362 	1545.062134	 0.001000 	 4.391647 	1678.358032	-246.850000	
 363 	1555.057129	 0.001000 	 4.392190 	1688.353027	-246.850000	
 364 	1565.058105	 0.001000 	 4.391025 	1698.354004	-246.850000	
 365 	1575.058105	 0.001000 	 4.389802 	1708.354004	-246.850000	
 366 	1585.058105	 0.001000 	 4.389179 	1718.354004	-246.850000	
 367 	1595.058105	 0.001000 	 4.389268 	1728.354004	-246.850000	
 368 	1605.055054	 0.001000 	 4.390626 	1738.350952	-246.850000	
 369 	1615.053101	 0.001000 	 4.443730 	1748.348999	-246.850000	
 370 	1625.055054	 0.001000 	 4.431206 	1758.350952	-246.850000	
 371 	1635.051147	 0.001000 	 4.427151 	1768.347046	-246.850000	
 372 	1645.051147	 0.001000 	 4.420517 	1778.347046	-246.850000	
 373 	1655.045044	 0.001000 	 4.418094 	1788.340942	-246.850000	
 374 	1665.041138	 0.001000 	 4.431460 	1798.337036	-246.850000	
 375 	1675.046143	 0.001000 	 4.429358 	1808.342041	-246.850000	
 376 	1685.044067	 0.001000 	 4.410904 	1818.339966	-246.850000	
 377 	1695.048096	 0.001000 	 4.402061 	1828.343994	-246.850000	
 378 	1705.049072	 0.001000 	 4.405470 	1838.344971	-246.850000	
 379 	1715.051147	 0.001000 	 4.400397 	1848.347046	-246.850000	
 380 	1725.056152	 0.001000 	 4.399921 	1858.352051	-246.850000	
 381 	1735.053101	 0.001000 	 4.410108 	1868.348999	-246.850000	
 382 	1745.048096	 0.001000 	 4.397329 	1878.343994	-246.850000	
 383 	1755.047119	 0.001000 	 4.402381 	1888.343018	-246.850000	
 384 	1765.042114	 0.001000 	 4.402774 	1898.338013	-246.850000	
 385 	1775.044067	 0.001000 	 4.402985 	1908.339966	-246.850000	
 386 	1785.043091	 0.001000 	 4.402192 	1918.338989	-246.850000	
 387 	1795.047119	 0.001000 	 4.401511 	1928.343018	-246.850000	
 388 	1805.041138	 0.001000 	 4.399781 	1938.337036	-246.850000	
 389 	1815.042114	 0.001000 	 4.398464 	1948.338013	-246.850000	
 390 	1825.039062	 0.001000 	 4.396606 	1958.334961	-246.850000	
 391 	1835.041138	 0.001000 	 4.397214 	1968.337036	-246.850000	
 392 	1845.045044	 0.001000 	 4.400412 	1978.340942	-246.850000	
 393 	1855.043091	 0.001000 	 4.406190 	1988.338989	-246.850000	
 394 	1865.045044	 0.001000 	 4.411352 	1998.340942	-246.850000	
 395 	1875.045044	 0.001000 	 4.411786 	2008.340942	-246.850000	
 396 	1885.041138	 0.001000 	 4.413210 	2018.337036	-246.850000	
 397 	1895.039062	 0.001000 	 4.416856 	2028.334961	-246.850000	
 398 	1905.038086	 0.001000 	 4.421977 	2038.333984	-246.850000	
 399 	1915.038086	 0.001000 	 4.424216 	2048.333984	-246.850000	
 400 	1925.036133	 0.001000 	 4.428634 	2058.332031	-246.850000	
 401 	1935.033203	 0.001000 	 4.428140 	2068.329102	-246.850000	
 402 	1945.037109	 0.001000 	 4.426191 	2078.333008	-246.850000	
 403 	1955.038086	 0.001000 	 4.430059 	2088.333984	-246.850000	
 404 	1965.038086	 0.001000 	 4.426631 	2098.333984	-246.850000	
 405 	1975.038086	 0.001000 	 4.428312 	2108.333984	-246.850000	
 406 	1985.037109	 0.001000 	 4.429087 	2118.333008	-246.850000	
 407 	1995.033203	 0.001000 	 4.429656 	2128.329102	-246.850000	
 408 	2005.035156	 0.001000 	 4.432779 	2138.331055	-246.850000	
 409 	2015.035156	 0.001000 	 4.435235 	2148.331055	-246.850000	
 410 	2025.033203	 0.001000 	 4.434594 	2158.329102	-246.850000	
 411 	2035.038086	 0.001000 	 4.437452 	2168.333984	-246.850000	
 412 	2045.034180	 0.001000 	 4.441441 	2178.330078	-246.850000	
 413 	2055.030029	 0.001000 	 4.451140 	2188.325928	-246.850000	
 414 	2065.029053	 0.001000 	 4.471532 	2198.324951	-246.850000	
 415 	2075.031006	 0.001000 	 4.481009 	2208.326904	-246.850000	
 416 	2085.036133	 0.001000 	 4.496892 	2218.332031	-246.850000	
 417 	2095.040039	 0.001000 	 4.471280 	2228.335938	-246.850000	
 418 	2105.041016	 0.001000 	 4.479737 	2238.336914	-246.850000	
 419 	2115.035156	 0.001000 	 4.479796 	2248.331055	-246.850000	
 420 	2125.039062	 0.001000 	 4.484068 	2258.334961	-246.850000	
 421 	2135.038086	 0.001000 	 4.460522 	2268.333984	-246.850000	
 422 	2145.041016	 0.001000 	 4.455904 	2278.336914	-246.850000	
 423 	2155.043213	 0.001000 	 4.453529 	2288.339111	-246.850000	
 424 	2165.037109	 0.001000 	 4.451919 	2298.333008	-246.850000	
 425 	2175.034180	 0.001000 	 4.454223 	2308.330078	-246.850000	
 426 	2185.028076	 0.001000 	 4.460340 	2318.323975	-246.850000	
 427 	2195.028076	 0.001000 	 4.462367 	2328.323975	-246.850000	
 428 	2205.033203	 0.001000 	 4.465076 	2338.329102	-246.850000	
 429 	2215.028076	 0.001000 	 4.465874 	2348.323975	-246.850000	
 430 	2225.029053	 0.001000 	 4.467171 	2358.324951	-246.850000	
 431 	2235.033203	 0.001000 	 4.468391 	2368.329102	-246.850000	
 432 	2245.038086	 0.001000 	 4.470703 	2378.333984	-246.850000	
 433 	2255.041992	 0.001000 	 4.472733 	2388.337891	-246.850000	
 434 	2265.046143	 0.001000 	 4.473827 	2398.342041	-246.850000	
 435 	2275.049072	 0.001000 	 4.473840 	2408.344971	-246.850000	
 436 	2285.048096	 0.001000 	 4.475427 	2418.343994	-246.850000	
 437 	2295.045166	 0.001000 	 4.475820 	2428.341064	-246.850000	
 438 	2305.043213	 0.001000 	 4.479079 	2438.339111	-246.850000	
 439 	2315.041016	 0.001000 	 4.479512 	2448.336914	-246.850000	
 440 	2325.037109	 0.001000 	 4.480625 	2458.333008	-246.850000	
 441 	2335.031982	 0.001000 	 4.481102 	2468.327881	-246.850000	
 442 	2345.031006	 0.001000 	 4.483033 	2478.326904	-246.850000	
 443 	2355.028076	 0.001000 	 4.486074 	2488.323975	-246.850000	
 444 	2365.026123	 0.001000 	 4.487992 	2498.322021	-246.850000	
 445 	2375.030029	 0.001000 	 4.488390 	2508.325928	-246.850000	
 446 	2385.035156	 0.001000 	 4.487424 	2518.331055	-246.850000	
 447 	2395.038086	 0.001000 	 4.489795 	2528.333984	-246.850000	
 448 	2405.033203	 0.001000 	 4.481848 	2538.329102	-246.850000	
 449 	2415.031006	 0.001000 	 4.480066 	2548.326904	-246.850000	
 450 	2425.029053	 0.001000 	 4.479465 	2558.324951	-246.850000	
 451 	2435.024170	 0.001000 	 4.479363 	2568.320068	-246.850000	
 452 	2445.025146	 0.001000 	 4.480116 	2578.321045	-246.850000	
 453 	2455.027100	 0.001000 	 4.481308 	2588.322998	-246.850000	
 454 	2465.027100	 0.001000 	 4.482865 	2598.322998	-246.850000	
 455 	2475.029053	 0.001000 	 4.483421 	2608.324951	-246.850000	
 456 	2485.026123	 0.001000 	 4.485571 	2618.322021	-246.850000	
 457 	2495.031006	 0.001000 	 4.493240 	2628.326904	-246.850000	
 458 	2505.028076	 0.001000 	 4.534713 	2638.323975	-246.850000	
 459 	2515.028076	 0.001000 	 4.547346 	2648.323975	-246.850000	
 460 	2525.025146	 0.001000 	 4.522048 	2658.321045	-246.850000	
 461 	2535.023193	 0.001000 	 4.523365 	2668.319092	-246.850000	
 462 	2545.027100	 0.001000 	 4.519130 	2678.322998	-246.850000	
 463 	2555.026123	 0.001000 	 4.525578 	2688.322021	-246.850000	
 464 	2565.026123	 0.001000 	 4.520957 	2698.322021	-246.850000	
 465 	2575.026123	 0.001000 	 4.506989 	2708.322021	-246.850000	
 466 	2585.023193	 0.001000 	 4.504295 	2718.319092	-246.850000	
 467 	2595.022217	 0.001000 	 4.500796 	2728.318115	-246.850000	
 468 	2605.024170	 0.001000 	 4.502687 	2738.320068	-246.850000	
 469 	2615.029053	 0.001000 	 4.509650 	2748.324951	-246.850000	
 470 	2625.029053	 0.001000 	 4.511842 	2758.324951	-246.850000	
 471 	2635.024170	 0.001000 	 4.515474 	2768.320068	-246.850000	
 472 	2645.020996	 0.001000 	 4.513276 	2778.316895	-246.850000	
 473 	2655.026123	 0.001000 	 4.514404 	2788.322021	-246.850000	
 474 	2665.026123	 0.001000 	 4.516544 	2798.322021	-246.850000	
 475 	2675.028076	 0.001000 	 4.517869 	2808.323975	-246.850000	
 476 	2685.031006	 0.001000 	 4.521090 	2818.326904	-246.850000	
 477 	2695.028076	 0.001000 	 4.522529 	2828.323975	-246.850000	
 478 	2705.023193	 0.001000 	 4.522924 	2838.319092	-246.850000	
 479 	2715.025146	 0.001000 	 4.524602 	2848.321045	-246.850000	
 480 	2725.020020	 0.001000 	 4.525867 	2858.315918	-246.850000	
 481 	2735.016113	 0.001000 	 4.525618 	2868.312012	-246.850000	
 482 	2745.017090	 0.001000 	 4.527966 	2878.312988	-246.850000	
 483 	2755.017090	 0.001000 	 4.530612 	2888.312988	-246.850000	
 484 	2765.019043	 0.001000 	 4.531002 	2898.314941	-246.850000	
 485 	2775.017090	 0.001000 	 4.531980 	2908.312988	-246.850000	
 486 	2785.016113	 0.001000 	 4.531917 	2918.312012	-246.850000	
 487 	2795.017090	 0.001000 	 4.533263 	2928.312988	-246.850000	
 488 	2805.013184	 0.001000 	 4.531714 	2938.309082	-246.850000	
 489 	2815.009033	 0.001000 	 4.532644 	2948.304932	-246.850000	
 490 	2825.008057	 0.001000 	 4.533325 	2958.303955	-246.850000	
 491 	2835.013184	 0.001000 	 4.532160 	2968.309082	-246.850000	
 492 	2845.010010	 0.001000 	 4.525907 	2978.305908	-246.850000	
 493 	2855.012207	 0.001000 	 4.524572 	2988.308105	-246.850000	
 494 	2865.016113	 0.001000 	 4.524795 	2998.312012	-246.850000	
 495 	2875.012207	 0.001000 	 4.522042 	3008.308105	-246.850000	
 496 	2885.010010	 0.001000 	 4.522726 	3018.305908	-246.850000	
 497 	2895.013184	 0.001000 	 4.525245 	3028.309082	-246.850000	
 498 	2905.012207	 0.001000 	 4.525616 	3038.308105	-246.850000	
 499 	2915.008057	 0.001000 	 4.525583 	3048.303955	-246.850000	
 500 	2925.012207	 0.001000 	 4.526615 	3058.308105	-246.850000	
 501 	2935.015137	 0.001000 	 4.532746 	3068.311035	-246.850000	
 502 	2945.019043	 0.001000 	 4.540662 	3078.314941	-246.850000	
 503 	2955.020996	 0.001000 	 4.651860 	3088.316895	-246.850000	
 504 	2965.020020	 0.001000 	 4.625712 	3098.315918	-246.850000	
 505 	2975.020020	 0.001000 	 4.545893 	3108.315918	-246.850000	
 506 	2985.017090	 0.001000 	 4.542356 	3118.312988	-246.850000	
 507 	2995.017090	 0.001000 	 4.540177 	3128.312988	-246.850000	
 508 	3005.018066	 0.001000 	 4.538101 	3138.313965	-246.850000	
 509 	3015.020020	 0.001000 	 4.542531 	3148.315918	-246.850000	
 510 	3025.016113	 0.001000 	 4.534271 	3158.312012	-246.850000	
 511 	3035.010986	 0.001000 	 4.532861 	3168.306885	-246.850000	
 512 	3045.006104	 0.001000 	 4.531875 	3178.302002	-246.850000	
 513 	3055.005127	 0.001000 	 4.534892 	3188.301025	-246.850000	
 514 	3065.007080	 0.001000 	 4.545299 	3198.302979	-246.850000	
 515 	3075.002197	 0.001000 	 4.541827 	3208.298096	-246.850000	
 516 	3085.001221	 0.001000 	 4.544556 	3218.297119	-246.850000	
 517 	3094.999023	 0.001000 	 4.542181 	3228.294922	-246.850000	
 518 	3105.001221	 0.001000 	 4.546257 	3238.297119	-246.850000	
 519 	3115.004150	 0.001000 	 4.546265 	3248.300049	-246.850000	
 520 	3125.009033	 0.001000 	 4.548839 	3258.304932	-246.850000	
 521 	3135.006104	 0.001000 	 4.550367 	3268.302002	-246.850000	
 522 	3145.006104	 0.001000 	 4.549773 	3278.302002	-246.850000	
 523 	3155.008057	 0.001000 	 4.551298 	3288.303955	-246.850000	
 524 	3165.006104	 0.001000 	 4.553742 	3298.302002	-246.850000	
 525 	3175.003174	 0.001000 	 4.554262 	3308.299072	-246.850000	
 526 	3185.002197	 0.001000 	 4.555772 	3318.298096	-246.850000	
 527 	3195.004150	 0.001000 	 4.557283 	3328.300049	-246.850000	
 528 	3204.999023	 0.001000 	 4.558352 	3338.294922	-246.850000	
 529 	3215.001221	 0.001000 	 4.563252 	3348.297119	-246.850000	
 530 	3225.003174	 0.001000 	 4.566756 	3358.299072	-246.850000	
 531 	3235.004150	 0.001000 	 4.567085 	3368.300049	-246.850000	
 532 	3244.998047	 0.001000 	 4.567077 	3378.293945	-246.850000	
 533 	3254.993164	 0.001000 	 4.568801 	3388.289062	-246.850000	
 534 	3264.989014	 0.001000 	 4.570594 	3398.284912	-246.850000	
 535 	3274.987061	 0.001000 	 4.571997 	3408.282959	-246.850000	
 536 	3284.989014	 0.001000 	 4.566493 	3418.284912	-246.850000	
 537 	3294.984131	 0.001000 	 4.566393 	3428.280029	-246.850000	
 538 	3304.988037	 0.001000 	 4.564993 	3438.283936	-246.850000	
 539 	3314.992188	 0.001000 	 4.566109 	3448.288086	-246.850000	
 540 	3324.994141	 0.001000 	 4.565988 	3458.290039	-246.850000	
 541 	3334.993164	 0.001000 	 4.566513 	3468.289062	-246.850000	
 542 	3344.993164	 0.001000 	 4.568031 	3478.289062	-246.850000	
 543 	3354.994141	 0.001000 	 4.569241 	3488.290039	-246.850000	
 544 	3364.989014	 0.001000 	 4.570881 	3498.284912	-246.850000	
 545 	3374.989014	 0.001000 	 4.568963 	3508.284912	-246.850000	
 546 	3384.991211	 0.001000 	 4.581761 	3518.287109	-246.850000	
 547 	3394.993164	 0.001000 	 4.661107 	3528.289062	-246.850000	
 548 	3404.988037	 0.001000 	 4.605208 	3538.283936	-246.850000	
 549 	3414.984131	 0.001000 	 4.594714 	3548.280029	-246.850000	
 550 	3424.978027	 0.001000 	 4.580658 	3558.273926	-246.850000	
 551 	3434.978027	 0.001000 	 4.584229 	3568.273926	-246.850000	
 552 	3444.979980	 0.001000 	 4.587955 	3578.275879	-246.850000	
 553 	3454.984131	 0.001000 	 4.581877 	3588.280029	-246.850000	
 554 	3464.985107	 0.001000 	 4.579607 	3598.281006	-246.850000	
 555 	3474.982178	 0.001000 	 4.573234 	3608.278076	-246.850000	
 556 	3484.984131	 0.001000 	 4.575455 	3618.280029	-246.850000	
 557 	3494.982178	 0.001000 	 4.577532 	3628.278076	-246.850000	
 558 	3504.977051	 0.001000 	 4.578659 	3638.272949	-246.850000	
 559 	3514.978027	 0.001000 	 4.582420 	3648.273926	-246.850000	
 560 	3524.977051	 0.001000 	 4.586283 	3658.272949	-246.850000	
 561 	3534.981201	 0.001000 	 4.587354 	3668.277100	-246.850000	
 562 	3544.978027	 0.001000 	 4.586346 	3678.273926	-246.850000	
 563 	3554.975098	 0.001000 	 4.586374 	3688.270996	-246.850000	
 564 	3564.977051	 0.001000 	 4.589276 	3698.272949	-246.850000	
 565 	3574.975098	 0.001000 	 4.590752 	3708.270996	-246.850000	
 566 	3584.975098	 0.001000 	 4.594469 	3718.270996	-246.850000	
 567 	3594.978027	 0.001000 	 4.592877 	3728.273926	-246.850000	
 568 	3604.981201	 0.001000 	 4.594315 	3738.277100	-246.850000	
 569 	3664.977051	 0.001000 	 4.596403 	3798.272949	-246.850000	
 570 	3724.975098	 0.001000 	 4.600195 	3858.270996	-246.850000	
 571 	3784.976074	 0.001000 	 4.607230 	3918.271973	-246.850000	
 572 	3844.975098	 0.001000 	 4.617015 	3978.270996	-246.850000	
 573 	3904.976074	 0.001000 	 4.619467 	4038.271973	-246.850000	
 574 	3964.975098	 0.001000 	 4.623248 	4098.270996	-246.850000	
 575 	4024.973145	 0.001000 	 4.635372 	4158.269043	-246.850000	
 576 	4084.978027	 0.001000 	 4.635211 	4218.273926	-246.850000	
 577 	4144.977051	 0.001000 	 4.637980 	4278.272949	-246.850000	
 578 	4204.970215	 0.001000 	 4.639721 	4338.266113	-246.850000	
 579 	4264.973145	 0.001000 	 4.644766 	4398.269043	-246.850000	
 580 	4324.968262	 0.001000 	 4.661468 	4458.264160	-246.850000	
 581 	4384.963867	 0.001000 	 4.662522 	4518.259766	-246.850000	
 582 	4444.960938	 0.001000 	 4.671994 	4578.256836	-246.850000	
 583 	4504.957031	 0.001000 	 4.683747 	4638.252930	-246.850000	
 584 	4564.952148	 0.001000 	 4.688960 	4698.248047	-246.850000	
 585 	4624.948242	 0.001000 	 4.687682 	4758.244141	-246.850000	
 586 	4684.946289	 0.001000 	 4.690033 	4818.242188	-246.850000	
 587 	4744.946289	 0.001000 	 4.704717 	4878.242188	-246.850000	
 588 	4804.951172	 0.001000 	 4.698859 	4938.247070	-246.850000	
 589 	4864.957031	 0.001000 	 4.701597 	4998.252930	-246.850000	
 590 	4924.959961	 0.001000 	 4.710588 	5058.255859	-246.850000	
 591 	4984.957031	 0.001000 	 4.723248 	5118.252930	-246.850000	
 592 	5044.958008	 0.001000 	 4.729856 	5178.253906	-246.850000	
 593 	5104.959961	 0.001000 	 4.728785 	5238.255859	-246.850000	
 594 	5164.960938	 0.001000 	 4.736747 	5298.256836	-246.850000	
 595 	5224.965332	 0.001000 	 4.745320 	5358.261230	-246.850000	
 596 	5284.962891	 0.001000 	 4.758259 	5418.258789	-246.850000	
 597 	5344.962891	 0.001000 	 4.745877 	5478.258789	-246.850000	
 598 	5404.969238	 0.001000 	 4.752399 	5538.265137	-246.850000	
 599 	5464.973145	 0.001000 	 4.763306 	5598.269043	-246.850000	
 600 	5524.972168	 0.001000 	 4.767790 	5658.268066	-246.850000	
 601 	5584.972168	 0.001000 	 4.771904 	5718.268066	-246.850000	
 602 	5644.976074	 0.001000 	 4.782581 	5778.271973	-246.850000	
 603 	5704.975098	 0.001000 	 4.772188 	5838.270996	-246.850000	
 604 	5764.976074	 0.001000 	 4.777836 	5898.271973	-246.850000	
